   2.8099943e-01
   2.7972583e-01
   2.7927547e-01
   2.7944817e-01
   2.8061815e-01
   2.8261082e-01
   2.8616600e-01
   2.9085268e-01
   2.9564854e-01
   3.0039469e-01
   3.0549557e-01
   3.1137932e-01
   3.1802130e-01
   3.2461777e-01
   3.3188632e-01
   3.3882899e-01
   3.4519520e-01
   3.5037112e-01
   3.5399551e-01
   3.5571851e-01
   3.5672948e-01
   3.5853768e-01
   3.6009354e-01
   3.6166268e-01
   3.6316219e-01
   3.6525063e-01
   3.6884833e-01
   3.7214901e-01
   3.7597914e-01
   3.8100606e-01
   3.8570548e-01
   3.9091147e-01
   3.9639701e-01
   4.0125450e-01
   4.0580411e-01
   4.1035129e-01
   4.1528178e-01
   4.1934826e-01
   4.2295233e-01
   4.2596749e-01
   4.2946713e-01
   4.3208854e-01
   4.3305034e-01
   4.3393291e-01
   4.3346291e-01
   4.3192967e-01
   4.2942663e-01
   4.2659487e-01
   2.7193148e-01
   2.7149711e-01
   2.7197293e-01
   2.7295802e-01
   2.7439429e-01
   2.7649559e-01
   2.7975306e-01
   2.8344205e-01
   2.8789591e-01
   2.9289114e-01
   2.9752148e-01
   3.0364145e-01
   3.1038353e-01
   3.1817476e-01
   3.2631165e-01
   3.3356720e-01
   3.4008538e-01
   3.4431169e-01
   3.4659666e-01
   3.4680335e-01
   3.4595979e-01
   3.4595289e-01
   3.4602223e-01
   3.4685387e-01
   3.4782502e-01
   3.4981864e-01
   3.5251604e-01
   3.5586899e-01
   3.5896636e-01
   3.6268434e-01
   3.6611491e-01
   3.7008075e-01
   3.7534674e-01
   3.8017402e-01
   3.8521950e-01
   3.8945732e-01
   3.9440312e-01
   3.9878871e-01
   4.0175727e-01
   4.0514449e-01
   4.0936416e-01
   4.1234451e-01
   4.1376222e-01
   4.1518521e-01
   4.1558870e-01
   4.1494967e-01
   4.1304070e-01
   4.1102960e-01
   2.6490375e-01
   2.6501956e-01
   2.6611829e-01
   2.6742114e-01
   2.6907697e-01
   2.7105826e-01
   2.7303347e-01
   2.7580455e-01
   2.7992467e-01
   2.8410709e-01
   2.8867729e-01
   2.9485117e-01
   3.0143301e-01
   3.0947184e-01
   3.1837482e-01
   3.2697060e-01
   3.3276022e-01
   3.3657856e-01
   3.3727990e-01
   3.3636239e-01
   3.3445667e-01
   3.3267990e-01
   3.3191314e-01
   3.3128237e-01
   3.3199603e-01
   3.3322006e-01
   3.3568151e-01
   3.3836821e-01
   3.4124439e-01
   3.4424072e-01
   3.4757607e-01
   3.5084125e-01
   3.5486141e-01
   3.5872730e-01
   3.6320080e-01
   3.6733351e-01
   3.7192525e-01
   3.7632886e-01
   3.7971703e-01
   3.8339207e-01
   3.8644881e-01
   3.9018494e-01
   3.9257338e-01
   3.9450389e-01
   3.9476408e-01
   3.9452827e-01
   3.9394166e-01
   3.9296103e-01
   2.6056855e-01
   2.6110139e-01
   2.6249973e-01
   2.6375991e-01
   2.6521907e-01
   2.6601874e-01
   2.6586379e-01
   2.6774188e-01
   2.7134649e-01
   2.7525518e-01
   2.7861734e-01
   2.8436227e-01
   2.9091675e-01
   2.9961100e-01
   3.0889308e-01
   3.1712845e-01
   3.2312543e-01
   3.2694310e-01
   3.2742569e-01
   3.2588067e-01
   3.2356197e-01
   3.2123922e-01
   3.1930330e-01
   3.1782179e-01
   3.1717463e-01
   3.1827228e-01
   3.1955712e-01
   3.2151959e-01
   3.2344170e-01
   3.2538927e-01
   3.2767099e-01
   3.3047593e-01
   3.3364644e-01
   3.3710816e-01
   3.4108375e-01
   3.4486973e-01
   3.4941325e-01
   3.5322970e-01
   3.5613717e-01
   3.5997353e-01
   3.6344473e-01
   3.6698379e-01
   3.6941951e-01
   3.7265923e-01
   3.7426385e-01
   3.7502858e-01
   3.7536448e-01
   3.7464947e-01
   2.5760012e-01
   2.5877430e-01
   2.6020460e-01
   2.6120826e-01
   2.6088955e-01
   2.5951315e-01
   2.5931608e-01
   2.6073122e-01
   2.6351449e-01
   2.6681814e-01
   2.6979320e-01
   2.7393120e-01
   2.8058090e-01
   2.8976289e-01
   2.9898687e-01
   3.0734724e-01
   3.1344135e-01
   3.1745379e-01
   3.1823179e-01
   3.1668093e-01
   3.1382032e-01
   3.1067582e-01
   3.0760202e-01
   3.0550573e-01
   3.0393496e-01
   3.0386548e-01
   3.0502354e-01
   3.0585910e-01
   3.0661326e-01
   3.0748147e-01
   3.0809016e-01
   3.0985421e-01
   3.1214581e-01
   3.1533271e-01
   3.1886025e-01
   3.2225533e-01
   3.2620696e-01
   3.3015858e-01
   3.3373055e-01
   3.3668719e-01
   3.3948225e-01
   3.4343983e-01
   3.4689234e-01
   3.5033062e-01
   3.5292441e-01
   3.5451210e-01
   3.5592005e-01
   3.5550776e-01
   2.5580059e-01
   2.5755244e-01
   2.5899277e-01
   2.5822412e-01
   2.5621790e-01
   2.5402639e-01
   2.5327683e-01
   2.5453336e-01
   2.5664469e-01
   2.5891205e-01
   2.6138122e-01
   2.6537768e-01
   2.7095275e-01
   2.8026220e-01
   2.8947317e-01
   2.9808764e-01
   3.0458226e-01
   3.0808827e-01
   3.0892248e-01
   3.0788469e-01
   3.0485478e-01
   3.0173397e-01
   2.9855913e-01
   2.9547517e-01
   2.9320903e-01
   2.9152260e-01
   2.9101088e-01
   2.9094804e-01
   2.9041817e-01
   2.9032648e-01
   2.9031226e-01
   2.9146449e-01
   2.9330222e-01
   2.9569310e-01
   2.9819708e-01
   3.0066395e-01
   3.0431123e-01
   3.0762870e-01
   3.1108852e-01
   3.1554509e-01
   3.1848561e-01
   3.2083193e-01
   3.2364148e-01
   3.2737233e-01
   3.3076307e-01
   3.3388184e-01
   3.3666091e-01
   3.3807144e-01
   2.5637678e-01
   2.5771606e-01
   2.5768031e-01
   2.5597166e-01
   2.5207340e-01
   2.4901992e-01
   2.4849574e-01
   2.4913965e-01
   2.5095462e-01
   2.5247906e-01
   2.5434740e-01
   2.5791178e-01
   2.6353006e-01
   2.7310566e-01
   2.8207080e-01
   2.9009527e-01
   2.9599162e-01
   2.9970568e-01
   3.0103074e-01
   2.9998646e-01
   2.9692254e-01
   2.9351825e-01
   2.8986474e-01
   2.8644718e-01
   2.8331622e-01
   2.8091707e-01
   2.7956465e-01
   2.7898129e-01
   2.7820627e-01
   2.7700446e-01
   2.7626303e-01
   2.7610199e-01
   2.7718108e-01
   2.7915980e-01
   2.8068262e-01
   2.8247632e-01
   2.8482062e-01
   2.8806481e-01
   2.9083291e-01
   2.9419981e-01
   2.9749209e-01
   3.0061425e-01
   3.0256859e-01
   3.0519976e-01
   3.0870725e-01
   3.1294805e-01
   3.1729843e-01
   3.1957080e-01
   2.5713839e-01
   2.5811387e-01
   2.5728331e-01
   2.5377731e-01
   2.4831181e-01
   2.4470286e-01
   2.4397985e-01
   2.4470448e-01
   2.4620035e-01
   2.4718720e-01
   2.4808995e-01
   2.5204929e-01
   2.5766053e-01
   2.6673972e-01
   2.7511377e-01
   2.8256897e-01
   2.8855377e-01
   2.9237604e-01
   2.9334123e-01
   2.9278075e-01
   2.9044648e-01
   2.8674069e-01
   2.8235334e-01
   2.7832302e-01
   2.7459326e-01
   2.7206584e-01
   2.7018098e-01
   2.6917543e-01
   2.6796252e-01
   2.6579932e-01
   2.6455796e-01
   2.6364682e-01
   2.6418386e-01
   2.6488452e-01
   2.6611436e-01
   2.6718520e-01
   2.6837211e-01
   2.7025615e-01
   2.7290127e-01
   2.7557713e-01
   2.7768385e-01
   2.8048040e-01
   2.8227979e-01
   2.8446263e-01
   2.8773242e-01
   2.9168473e-01
   2.9736355e-01
   3.0085967e-01
   2.5836295e-01
   2.5851262e-01
   2.5622968e-01
   2.5107828e-01
   2.4514861e-01
   2.4159560e-01
   2.4034300e-01
   2.4123315e-01
   2.4202442e-01
   2.4270775e-01
   2.4357026e-01
   2.4700083e-01
   2.5298630e-01
   2.6100658e-01
   2.6849198e-01
   2.7566788e-01
   2.8140779e-01
   2.8534520e-01
   2.8683401e-01
   2.8637336e-01
   2.8440602e-01
   2.8053525e-01
   2.7592062e-01
   2.7136112e-01
   2.6778021e-01
   2.6461038e-01
   2.6237783e-01
   2.6066525e-01
   2.5875520e-01
   2.5596584e-01
   2.5386562e-01
   2.5304942e-01
   2.5264187e-01
   2.5275483e-01
   2.5320776e-01
   2.5388715e-01
   2.5478556e-01
   2.5580750e-01
   2.5741524e-01
   2.5973000e-01
   2.6137404e-01
   2.6356013e-01
   2.6515040e-01
   2.6611423e-01
   2.6915160e-01
   2.7287567e-01
   2.7797384e-01
   2.8260310e-01
   2.5929671e-01
   2.5836972e-01
   2.5501948e-01
   2.4819275e-01
   2.4179850e-01
   2.3812928e-01
   2.3716545e-01
   2.3806196e-01
   2.3865792e-01
   2.3904909e-01
   2.3949064e-01
   2.4239568e-01
   2.4807803e-01
   2.5558036e-01
   2.6244162e-01
   2.6938808e-01
   2.7534823e-01
   2.7968764e-01
   2.8187400e-01
   2.8136702e-01
   2.7932139e-01
   2.7502221e-01
   2.6986607e-01
   2.6511843e-01
   2.6149459e-01
   2.5836309e-01
   2.5586506e-01
   2.5354353e-01
   2.5077258e-01
   2.4771639e-01
   2.4515741e-01
   2.4395967e-01
   2.4311774e-01
   2.4215675e-01
   2.4212371e-01
   2.4266793e-01
   2.4317937e-01
   2.4399191e-01
   2.4570868e-01
   2.4697591e-01
   2.4829420e-01
   2.4936842e-01
   2.5020114e-01
   2.5155789e-01
   2.5302938e-01
   2.5628887e-01
   2.6059699e-01
   2.6568473e-01
   2.5982373e-01
   2.5813107e-01
   2.5338722e-01
   2.4571342e-01
   2.3858560e-01
   2.3470535e-01
   2.3417874e-01
   2.3557965e-01
   2.3560620e-01
   2.3560661e-01
   2.3502676e-01
   2.3809664e-01
   2.4331102e-01
   2.5042557e-01
   2.5738530e-01
   2.6454008e-01
   2.7091523e-01
   2.7535175e-01
   2.7747540e-01
   2.7711932e-01
   2.7451605e-01
   2.6989438e-01
   2.6483440e-01
   2.5989010e-01
   2.5565905e-01
   2.5276715e-01
   2.5008289e-01
   2.4768808e-01
   2.4463446e-01
   2.4121270e-01
   2.3793112e-01
   2.3596134e-01
   2.3457085e-01
   2.3361799e-01
   2.3315125e-01
   2.3321464e-01
   2.3367746e-01
   2.3433288e-01
   2.3533544e-01
   2.3633585e-01
   2.3753400e-01
   2.3777807e-01
   2.3822287e-01
   2.3853684e-01
   2.3938432e-01
   2.4128313e-01
   2.4482625e-01
   2.5041324e-01
   2.5997638e-01
   2.5791882e-01
   2.5206067e-01
   2.4358638e-01
   2.3603963e-01
   2.3250910e-01
   2.3236810e-01
   2.3328182e-01
   2.3280234e-01
   2.3276672e-01
   2.3256829e-01
   2.3539775e-01
   2.4024182e-01
   2.4740689e-01
   2.5414978e-01
   2.6133368e-01
   2.6732701e-01
   2.7187012e-01
   2.7409414e-01
   2.7331790e-01
   2.7069378e-01
   2.6560983e-01
   2.6017521e-01
   2.5541105e-01
   2.5152728e-01
   2.4865367e-01
   2.4583004e-01
   2.4285796e-01
   2.3918765e-01
   2.3534019e-01
   2.3170198e-01
   2.2909777e-01
   2.2738791e-01
   2.2626980e-01
   2.2561018e-01
   2.2568034e-01
   2.2596871e-01
   2.2673804e-01
   2.2728930e-01
   2.2787212e-01
   2.2825042e-01
   2.2834104e-01
   2.2821629e-01
   2.2825367e-01
   2.2789610e-01
   2.2903736e-01
   2.3133520e-01
   2.3622410e-01
   2.5973691e-01
   2.5726557e-01
   2.5066016e-01
   2.4166454e-01
   2.3452846e-01
   2.3110209e-01
   2.3097708e-01
   2.3145683e-01
   2.3084041e-01
   2.3098832e-01
   2.3092276e-01
   2.3345275e-01
   2.3864086e-01
   2.4531941e-01
   2.5179641e-01
   2.5897530e-01
   2.6576126e-01
   2.7009416e-01
   2.7146176e-01
   2.7006572e-01
   2.6673362e-01
   2.6128370e-01
   2.5623063e-01
   2.5171176e-01
   2.4821808e-01
   2.4538388e-01
   2.4258408e-01
   2.3935533e-01
   2.3527206e-01
   2.3075264e-01
   2.2627441e-01
   2.2298701e-01
   2.2124477e-01
   2.2011651e-01
   2.1981271e-01
   2.1997145e-01
   2.1987460e-01
   2.2017299e-01
   2.2081067e-01
   2.2120184e-01
   2.2123935e-01
   2.2019710e-01
   2.1973780e-01
   2.1912789e-01
   2.1860264e-01
   2.1904202e-01
   2.2053856e-01
   2.2418367e-01
   2.5944855e-01
   2.5675670e-01
   2.4953556e-01
   2.4054956e-01
   2.3362517e-01
   2.3020395e-01
   2.2991532e-01
   2.3027886e-01
   2.2927249e-01
   2.2935647e-01
   2.2983337e-01
   2.3273001e-01
   2.3821597e-01
   2.4452786e-01
   2.5083285e-01
   2.5804926e-01
   2.6478212e-01
   2.6835450e-01
   2.6956051e-01
   2.6715811e-01
   2.6325606e-01
   2.5768139e-01
   2.5250154e-01
   2.4862739e-01
   2.4521958e-01
   2.4273931e-01
   2.3987572e-01
   2.3647129e-01
   2.3210710e-01
   2.2720505e-01
   2.2217081e-01
   2.1835937e-01
   2.1627988e-01
   2.1518372e-01
   2.1502769e-01
   2.1529221e-01
   2.1515121e-01
   2.1504326e-01
   2.1532837e-01
   2.1574785e-01
   2.1548576e-01
   2.1423641e-01
   2.1274814e-01
   2.1147332e-01
   2.1014609e-01
   2.0998816e-01
   2.1102229e-01
   2.1347534e-01
   2.5921260e-01
   2.5639181e-01
   2.4907992e-01
   2.4027745e-01
   2.3339749e-01
   2.2986453e-01
   2.2940008e-01
   2.2929349e-01
   2.2831449e-01
   2.2859730e-01
   2.2921913e-01
   2.3272852e-01
   2.3823086e-01
   2.4424248e-01
   2.5072667e-01
   2.5834128e-01
   2.6427298e-01
   2.6731861e-01
   2.6752029e-01
   2.6444879e-01
   2.6013769e-01
   2.5473260e-01
   2.4979060e-01
   2.4599609e-01
   2.4293177e-01
   2.4049484e-01
   2.3758330e-01
   2.3387304e-01
   2.2915913e-01
   2.2410904e-01
   2.1869921e-01
   2.1472063e-01
   2.1230645e-01
   2.1126203e-01
   2.1124957e-01
   2.1144217e-01
   2.1110599e-01
   2.1091989e-01
   2.1110112e-01
   2.1078336e-01
   2.1020907e-01
   2.0871863e-01
   2.0677499e-01
   2.0511361e-01
   2.0330392e-01
   2.0231978e-01
   2.0304617e-01
   2.0423850e-01
   2.5930511e-01
   2.5631366e-01
   2.4911730e-01
   2.4052409e-01
   2.3373570e-01
   2.2997546e-01
   2.2905944e-01
   2.2860543e-01
   2.2802612e-01
   2.2840998e-01
   2.2930243e-01
   2.3283688e-01
   2.3836089e-01
   2.4483614e-01
   2.5200581e-01
   2.5888685e-01
   2.6448793e-01
   2.6671019e-01
   2.6616123e-01
   2.6294304e-01
   2.5777011e-01
   2.5240985e-01
   2.4747990e-01
   2.4353071e-01
   2.4087666e-01
   2.3823696e-01
   2.3512930e-01
   2.3104968e-01
   2.2652864e-01
   2.2123583e-01
   2.1555904e-01
   2.1141562e-01
   2.0895959e-01
   2.0825202e-01
   2.0833884e-01
   2.0799576e-01
   2.0750680e-01
   2.0740237e-01
   2.0728535e-01
   2.0681047e-01
   2.0563142e-01
   2.0385437e-01
   2.0171461e-01
   1.9955696e-01
   1.9764189e-01
   1.9629556e-01
   1.9611921e-01
   1.9683328e-01
   2.5968111e-01
   2.5636107e-01
   2.4911635e-01
   2.4113996e-01
   2.3426312e-01
   2.3021533e-01
   2.2889000e-01
   2.2820505e-01
   2.2789217e-01
   2.2843341e-01
   2.3005293e-01
   2.3398993e-01
   2.3974785e-01
   2.4681242e-01
   2.5405497e-01
   2.6039545e-01
   2.6496850e-01
   2.6650499e-01
   2.6531754e-01
   2.6185487e-01
   2.5678555e-01
   2.5148868e-01
   2.4577667e-01
   2.4150905e-01
   2.3882195e-01
   2.3606170e-01
   2.3252901e-01
   2.2860610e-01
   2.2379006e-01
   2.1826741e-01
   2.1260619e-01
   2.0852603e-01
   2.0639506e-01
   2.0566989e-01
   2.0535633e-01
   2.0457874e-01
   2.0397844e-01
   2.0378652e-01
   2.0375983e-01
   2.0307529e-01
   2.0191385e-01
   1.9977394e-01
   1.9733050e-01
   1.9478006e-01
   1.9279335e-01
   1.9121866e-01
   1.9037131e-01
   1.9082275e-01
   2.5962436e-01
   2.5626815e-01
   2.4929704e-01
   2.4158314e-01
   2.3510167e-01
   2.3093495e-01
   2.2936297e-01
   2.2855680e-01
   2.2817214e-01
   2.2909831e-01
   2.3167191e-01
   2.3639029e-01
   2.4244119e-01
   2.4964202e-01
   2.5655773e-01
   2.6225092e-01
   2.6592745e-01
   2.6726633e-01
   2.6566211e-01
   2.6167608e-01
   2.5678203e-01
   2.5066016e-01
   2.4392662e-01
   2.3909988e-01
   2.3586368e-01
   2.3268965e-01
   2.2952497e-01
   2.2565596e-01
   2.2081433e-01
   2.1528774e-01
   2.0998599e-01
   2.0603789e-01
   2.0413637e-01
   2.0327507e-01
   2.0258864e-01
   2.0161180e-01
   2.0089259e-01
   2.0061777e-01
   2.0035825e-01
   1.9990085e-01
   1.9834905e-01
   1.9614833e-01
   1.9364489e-01
   1.9086961e-01
   1.8844582e-01
   1.8625661e-01
   1.8544990e-01
   1.8555256e-01
   2.5965144e-01
   2.5595080e-01
   2.4931302e-01
   2.4221770e-01
   2.3609990e-01
   2.3184217e-01
   2.2965879e-01
   2.2907000e-01
   2.2903032e-01
   2.3049652e-01
   2.3414285e-01
   2.3926404e-01
   2.4546041e-01
   2.5287145e-01
   2.5957817e-01
   2.6471386e-01
   2.6808523e-01
   2.6854277e-01
   2.6637496e-01
   2.6169789e-01
   2.5647010e-01
   2.4901206e-01
   2.4161484e-01
   2.3638163e-01
   2.3268626e-01
   2.2929159e-01
   2.2645902e-01
   2.2253746e-01
   2.1759736e-01
   2.1207172e-01
   2.0741795e-01
   2.0409953e-01
   2.0219435e-01
   2.0091439e-01
   1.9994433e-01
   1.9895368e-01
   1.9836951e-01
   1.9780768e-01
   1.9745457e-01
   1.9695871e-01
   1.9543047e-01
   1.9323531e-01
   1.9029885e-01
   1.8732487e-01
   1.8489687e-01
   1.8261163e-01
   1.8124688e-01
   1.8116724e-01
   2.5929888e-01
   2.5577635e-01
   2.4950156e-01
   2.4294749e-01
   2.3723101e-01
   2.3306727e-01
   2.3057887e-01
   2.3013840e-01
   2.3068587e-01
   2.3299400e-01
   2.3733868e-01
   2.4325725e-01
   2.4939551e-01
   2.5683445e-01
   2.6329073e-01
   2.6825251e-01
   2.7113073e-01
   2.7064637e-01
   2.6749537e-01
   2.6300968e-01
   2.5606783e-01
   2.4778519e-01
   2.4002118e-01
   2.3415382e-01
   2.2964903e-01
   2.2642367e-01
   2.2363227e-01
   2.1956999e-01
   2.1480041e-01
   2.0961907e-01
   2.0515980e-01
   2.0221521e-01
   2.0023297e-01
   1.9890546e-01
   1.9770298e-01
   1.9648058e-01
   1.9600409e-01
   1.9541354e-01
   1.9509145e-01
   1.9455035e-01
   1.9308456e-01
   1.9066333e-01
   1.8774908e-01
   1.8482576e-01
   1.8210249e-01
   1.7959350e-01
   1.7781009e-01
   1.7775618e-01
   2.5876590e-01
   2.5576321e-01
   2.4986455e-01
   2.4386432e-01
   2.3829466e-01
   2.3414244e-01
   2.3220367e-01
   2.3194646e-01
   2.3300388e-01
   2.3591095e-01
   2.4100330e-01
   2.4718978e-01
   2.5391343e-01
   2.6158263e-01
   2.6777831e-01
   2.7225194e-01
   2.7436449e-01
   2.7345010e-01
   2.6960696e-01
   2.6400670e-01
   2.5588159e-01
   2.4714535e-01
   2.3890037e-01
   2.3246820e-01
   2.2745576e-01
   2.2434512e-01
   2.2124775e-01
   2.1721730e-01
   2.1252533e-01
   2.0753633e-01
   2.0328577e-01
   2.0075741e-01
   1.9871449e-01
   1.9711934e-01
   1.9576611e-01
   1.9448831e-01
   1.9394206e-01
   1.9348954e-01
   1.9312790e-01
   1.9242561e-01
   1.9091228e-01
   1.8842591e-01
   1.8556949e-01
   1.8266148e-01
   1.8000688e-01
   1.7706135e-01
   1.7525708e-01
   1.7494812e-01
   2.5844869e-01
   2.5541606e-01
   2.5008696e-01
   2.4424600e-01
   2.3908512e-01
   2.3532217e-01
   2.3384460e-01
   2.3415016e-01
   2.3570101e-01
   2.3902620e-01
   2.4436194e-01
   2.5064201e-01
   2.5821464e-01
   2.6605721e-01
   2.7233118e-01
   2.7614600e-01
   2.7739292e-01
   2.7608492e-01
   2.7121105e-01
   2.6392164e-01
   2.5529186e-01
   2.4605054e-01
   2.3789591e-01
   2.3133696e-01
   2.2627387e-01
   2.2255588e-01
   2.1948831e-01
   2.1561714e-01
   2.1074666e-01
   2.0602800e-01
   2.0207042e-01
   1.9952174e-01
   1.9765882e-01
   1.9588327e-01
   1.9439648e-01
   1.9301494e-01
   1.9256621e-01
   1.9197174e-01
   1.9165696e-01
   1.9098122e-01
   1.8943349e-01
   1.8697650e-01
   1.8393047e-01
   1.8099577e-01
   1.7829228e-01
   1.7568034e-01
   1.7372207e-01
   1.7308033e-01
   2.5807472e-01
   2.5521371e-01
   2.5035703e-01
   2.4475812e-01
   2.3957205e-01
   2.3613674e-01
   2.3469506e-01
   2.3524226e-01
   2.3722112e-01
   2.4083724e-01
   2.4638035e-01
   2.5333602e-01
   2.6114947e-01
   2.6930885e-01
   2.7526737e-01
   2.7878570e-01
   2.7974398e-01
   2.7745671e-01
   2.7155914e-01
   2.6357774e-01
   2.5461571e-01
   2.4541869e-01
   2.3730401e-01
   2.3084773e-01
   2.2564933e-01
   2.2154587e-01
   2.1835003e-01
   2.1430278e-01
   2.0979515e-01
   2.0533953e-01
   2.0145577e-01
   1.9884519e-01
   1.9713153e-01
   1.9522961e-01
   1.9363108e-01
   1.9225170e-01
   1.9167646e-01
   1.9111518e-01
   1.9081977e-01
   1.9011153e-01
   1.8842225e-01
   1.8608988e-01
   1.8314719e-01
   1.8009925e-01
   1.7739671e-01
   1.7480834e-01
   1.7271029e-01
   1.7191062e-01
   2.5804073e-01
   2.5512675e-01
   2.5035852e-01
   2.4484765e-01
   2.3947155e-01
   2.3643757e-01
   2.3469113e-01
   2.3543865e-01
   2.3733408e-01
   2.4116854e-01
   2.4687351e-01
   2.5403343e-01
   2.6182738e-01
   2.6978873e-01
   2.7587335e-01
   2.7971919e-01
   2.8095798e-01
   2.7839061e-01
   2.7233687e-01
   2.6428368e-01
   2.5497017e-01
   2.4564570e-01
   2.3764547e-01
   2.3084393e-01
   2.2546580e-01
   2.2129177e-01
   2.1800776e-01
   2.1386475e-01
   2.0949419e-01
   2.0512187e-01
   2.0145631e-01
   1.9869674e-01
   1.9713492e-01
   1.9510310e-01
   1.9347301e-01
   1.9195819e-01
   1.9134747e-01
   1.9092461e-01
   1.9060577e-01
   1.8994384e-01
   1.8812725e-01
   1.8579420e-01
   1.8281751e-01
   1.7967585e-01
   1.7699471e-01
   1.7449777e-01
   1.7204471e-01
   1.7102088e-01
   2.5806497e-01
   2.5499103e-01
   2.5003657e-01
   2.4401683e-01
   2.3892286e-01
   2.3595402e-01
   2.3436687e-01
   2.3481628e-01
   2.3688372e-01
   2.3972077e-01
   2.4521254e-01
   2.5186360e-01
   2.5977917e-01
   2.6758381e-01
   2.7348707e-01
   2.7792671e-01
   2.7977757e-01
   2.7779140e-01
   2.7253435e-01
   2.6437822e-01
   2.5508896e-01
   2.4566317e-01
   2.3774231e-01
   2.3109424e-01
   2.2573168e-01
   2.2166100e-01
   2.1835138e-01
   2.1433678e-01
   2.0993967e-01
   2.0554027e-01
   2.0182242e-01
   1.9920087e-01
   1.9753882e-01
   1.9565585e-01
   1.9391443e-01
   1.9247221e-01
   1.9169150e-01
   1.9135072e-01
   1.9111992e-01
   1.9036684e-01
   1.8868515e-01
   1.8635738e-01
   1.8322046e-01
   1.8007013e-01
   1.7722957e-01
   1.7433063e-01
   1.7215727e-01
   1.7086376e-01
   2.5841090e-01
   2.5494024e-01
   2.4930963e-01
   2.4311151e-01
   2.3798679e-01
   2.3481818e-01
   2.3314353e-01
   2.3333965e-01
   2.3489619e-01
   2.3740167e-01
   2.4235003e-01
   2.4826955e-01
   2.5529836e-01
   2.6276141e-01
   2.6930248e-01
   2.7396533e-01
   2.7626168e-01
   2.7508912e-01
   2.7108928e-01
   2.6420905e-01
   2.5525028e-01
   2.4571843e-01
   2.3795320e-01
   2.3132043e-01
   2.2651198e-01
   2.2269715e-01
   2.1939960e-01
   2.1528761e-01
   2.1104518e-01
   2.0650355e-01
   2.0248773e-01
   2.0010240e-01
   1.9826101e-01
   1.9644794e-01
   1.9481203e-01
   1.9360453e-01
   1.9249564e-01
   1.9213996e-01
   1.9209228e-01
   1.9147858e-01
   1.8984212e-01
   1.8737119e-01
   1.8439586e-01
   1.8102597e-01
   1.7788567e-01
   1.7504307e-01
   1.7277653e-01
   1.7145363e-01
   2.5908135e-01
   2.5507284e-01
   2.4867480e-01
   2.4240421e-01
   2.3701781e-01
   2.3320109e-01
   2.3162342e-01
   2.3173964e-01
   2.3225690e-01
   2.3472174e-01
   2.3844148e-01
   2.4405584e-01
   2.5036205e-01
   2.5751547e-01
   2.6467214e-01
   2.7015430e-01
   2.7264094e-01
   2.7239484e-01
   2.6952475e-01
   2.6395943e-01
   2.5590597e-01
   2.4644672e-01
   2.3842374e-01
   2.3201215e-01
   2.2747662e-01
   2.2413802e-01
   2.2106707e-01
   2.1732322e-01
   2.1283861e-01
   2.0812172e-01
   2.0374913e-01
   2.0124542e-01
   1.9936666e-01
   1.9759395e-01
   1.9606598e-01
   1.9501181e-01
   1.9385646e-01
   1.9349766e-01
   1.9361171e-01
   1.9306749e-01
   1.9158761e-01
   1.8887748e-01
   1.8579948e-01
   1.8259714e-01
   1.7915588e-01
   1.7629445e-01
   1.7424719e-01
   1.7292186e-01
   2.5938245e-01
   2.5531299e-01
   2.4859394e-01
   2.4163597e-01
   2.3576034e-01
   2.3227586e-01
   2.3050938e-01
   2.3027777e-01
   2.3020653e-01
   2.3233993e-01
   2.3552913e-01
   2.4035655e-01
   2.4577816e-01
   2.5313150e-01
   2.6028872e-01
   2.6624385e-01
   2.6947558e-01
   2.7001330e-01
   2.6802672e-01
   2.6390755e-01
   2.5692384e-01
   2.4842937e-01
   2.4031578e-01
   2.3387019e-01
   2.2976687e-01
   2.2647961e-01
   2.2343547e-01
   2.2007818e-01
   2.1544797e-01
   2.1012645e-01
   2.0526192e-01
   2.0238655e-01
   2.0054855e-01
   1.9922349e-01
   1.9789978e-01
   1.9679427e-01
   1.9589343e-01
   1.9551188e-01
   1.9552637e-01
   1.9501303e-01
   1.9352624e-01
   1.9098258e-01
   1.8782074e-01
   1.8427897e-01
   1.8094443e-01
   1.7803290e-01
   1.7592469e-01
   1.7478803e-01
   2.5994821e-01
   2.5570348e-01
   2.4848409e-01
   2.4117626e-01
   2.3499588e-01
   2.3152956e-01
   2.3009018e-01
   2.2928929e-01
   2.2910996e-01
   2.3057440e-01
   2.3334250e-01
   2.3736781e-01
   2.4265574e-01
   2.4974739e-01
   2.5707730e-01
   2.6332622e-01
   2.6715608e-01
   2.6833974e-01
   2.6664423e-01
   2.6295022e-01
   2.5789160e-01
   2.5057591e-01
   2.4284346e-01
   2.3693153e-01
   2.3290420e-01
   2.2978732e-01
   2.2702681e-01
   2.2359936e-01
   2.1873293e-01
   2.1267865e-01
   2.0749353e-01
   2.0393876e-01
   2.0200812e-01
   2.0094731e-01
   2.0007517e-01
   1.9919870e-01
   1.9843344e-01
   1.9782190e-01
   1.9782894e-01
   1.9728350e-01
   1.9598404e-01
   1.9349252e-01
   1.9032621e-01
   1.8658669e-01
   1.8321423e-01
   1.8043787e-01
   1.7834713e-01
   1.7789799e-01
   2.6062286e-01
   2.5611022e-01
   2.4853367e-01
   2.4081530e-01
   2.3470156e-01
   2.3112661e-01
   2.2986995e-01
   2.2902043e-01
   2.2861193e-01
   2.2966894e-01
   2.3197788e-01
   2.3530104e-01
   2.4025984e-01
   2.4691265e-01
   2.5470226e-01
   2.6136713e-01
   2.6551407e-01
   2.6731048e-01
   2.6589183e-01
   2.6215299e-01
   2.5777742e-01
   2.5158769e-01
   2.4479645e-01
   2.3964993e-01
   2.3592599e-01
   2.3325040e-01
   2.3084881e-01
   2.2717973e-01
   2.2194272e-01
   2.1546585e-01
   2.0989037e-01
   2.0570930e-01
   2.0395230e-01
   2.0302193e-01
   2.0245292e-01
   2.0189637e-01
   2.0107476e-01
   2.0055573e-01
   2.0069890e-01
   2.0027455e-01
   1.9875851e-01
   1.9625777e-01
   1.9301886e-01
   1.8937281e-01
   1.8611317e-01
   1.8371226e-01
   1.8182077e-01
   1.8141687e-01
   2.6126541e-01
   2.5681955e-01
   2.4910484e-01
   2.4081110e-01
   2.3475235e-01
   2.3134183e-01
   2.2985478e-01
   2.2917633e-01
   2.2897506e-01
   2.2936446e-01
   2.3099523e-01
   2.3419025e-01
   2.3909636e-01
   2.4560709e-01
   2.5318636e-01
   2.5999060e-01
   2.6475693e-01
   2.6769515e-01
   2.6695738e-01
   2.6276412e-01
   2.5795038e-01
   2.5220898e-01
   2.4613154e-01
   2.4159086e-01
   2.3842333e-01
   2.3652899e-01
   2.3387819e-01
   2.3001338e-01
   2.2477205e-01
   2.1841924e-01
   2.1228640e-01
   2.0776902e-01
   2.0593373e-01
   2.0528305e-01
   2.0485870e-01
   2.0476850e-01
   2.0423620e-01
   2.0378421e-01
   2.0394282e-01
   2.0350547e-01
   2.0183624e-01
   1.9959014e-01
   1.9633687e-01
   1.9288085e-01
   1.9019361e-01
   1.8782019e-01
   1.8586626e-01
   1.8645680e-01
   2.6184675e-01
   2.5727952e-01
   2.4957077e-01
   2.4098705e-01
   2.3502094e-01
   2.3146658e-01
   2.3011700e-01
   2.2965215e-01
   2.2941864e-01
   2.2957305e-01
   2.3071472e-01
   2.3378026e-01
   2.3858912e-01
   2.4501723e-01
   2.5225503e-01
   2.5936376e-01
   2.6497784e-01
   2.6814998e-01
   2.6817503e-01
   2.6487612e-01
   2.5977700e-01
   2.5395447e-01
   2.4837926e-01
   2.4373537e-01
   2.4070613e-01
   2.3857950e-01
   2.3588413e-01
   2.3224322e-01
   2.2718284e-01
   2.2075107e-01
   2.1469273e-01
   2.1038123e-01
   2.0814624e-01
   2.0788957e-01
   2.0792763e-01
   2.0837663e-01
   2.0788104e-01
   2.0763805e-01
   2.0731799e-01
   2.0696678e-01
   2.0543448e-01
   2.0313258e-01
   2.0005933e-01
   1.9720928e-01
   1.9457310e-01
   1.9241518e-01
   1.9100994e-01
   1.9238200e-01
   2.6199696e-01
   2.5781548e-01
   2.4996180e-01
   2.4155944e-01
   2.3567744e-01
   2.3215247e-01
   2.3103586e-01
   2.3042405e-01
   2.3024621e-01
   2.3043096e-01
   2.3125975e-01
   2.3405291e-01
   2.3879391e-01
   2.4523800e-01
   2.5256236e-01
   2.5989105e-01
   2.6530765e-01
   2.6897904e-01
   2.7013547e-01
   2.6769068e-01
   2.6262258e-01
   2.5676131e-01
   2.5117838e-01
   2.4607912e-01
   2.4249835e-01
   2.4008119e-01
   2.3737376e-01
   2.3387995e-01
   2.2925313e-01
   2.2326210e-01
   2.1777872e-01
   2.1370398e-01
   2.1151355e-01
   2.1119471e-01
   2.1144244e-01
   2.1163464e-01
   2.1133165e-01
   2.1118320e-01
   2.1120054e-01
   2.1080666e-01
   2.0942525e-01
   2.0735835e-01
   2.0456519e-01
   2.0200202e-01
   1.9978071e-01
   1.9781567e-01
   1.9719208e-01
   1.9935298e-01
   2.6256623e-01
   2.5860459e-01
   2.5104469e-01
   2.4254684e-01
   2.3677984e-01
   2.3334968e-01
   2.3256856e-01
   2.3195418e-01
   2.3165431e-01
   2.3187576e-01
   2.3270604e-01
   2.3520284e-01
   2.4018738e-01
   2.4661156e-01
   2.5361762e-01
   2.6095660e-01
   2.6639108e-01
   2.7049603e-01
   2.7245268e-01
   2.7065504e-01
   2.6646598e-01
   2.6039531e-01
   2.5442541e-01
   2.4893499e-01
   2.4479848e-01
   2.4196131e-01
   2.3892448e-01
   2.3545193e-01
   2.3149746e-01
   2.2661126e-01
   2.2154966e-01
   2.1789087e-01
   2.1575449e-01
   2.1524724e-01
   2.1549606e-01
   2.1543416e-01
   2.1517505e-01
   2.1520769e-01
   2.1539081e-01
   2.1490985e-01
   2.1407428e-01
   2.1201023e-01
   2.0992938e-01
   2.0773272e-01
   2.0557819e-01
   2.0361694e-01
   2.0457820e-01
   2.0686018e-01
   2.6279310e-01
   2.5966445e-01
   2.5232438e-01
   2.4389235e-01
   2.3861553e-01
   2.3560891e-01
   2.3506794e-01
   2.3447672e-01
   2.3393114e-01
   2.3358657e-01
   2.3471659e-01
   2.3732798e-01
   2.4219779e-01
   2.4904944e-01
   2.5603071e-01
   2.6260578e-01
   2.6866535e-01
   2.7291983e-01
   2.7530015e-01
   2.7419545e-01
   2.7052231e-01
   2.6434897e-01
   2.5822290e-01
   2.5269076e-01
   2.4796818e-01
   2.4435341e-01
   2.4138769e-01
   2.3837281e-01
   2.3473163e-01
   2.3029403e-01
   2.2584599e-01
   2.2296764e-01
   2.2102196e-01
   2.2046135e-01
   2.2040582e-01
   2.2027769e-01
   2.2010744e-01
   2.2010784e-01
   2.2019358e-01
   2.1982259e-01
   2.1918749e-01
   2.1753898e-01
   2.1599869e-01
   2.1422178e-01
   2.1238311e-01
   2.1177347e-01
   2.1312332e-01
   2.1580582e-01
   2.6241602e-01
   2.6068882e-01
   2.5378110e-01
   2.4607858e-01
   2.4087246e-01
   2.3866172e-01
   2.3804652e-01
   2.3733963e-01
   2.3719051e-01
   2.3640411e-01
   2.3758032e-01
   2.4011139e-01
   2.4572006e-01
   2.5200243e-01
   2.5923820e-01
   2.6623694e-01
   2.7206842e-01
   2.7683028e-01
   2.7945684e-01
   2.7821954e-01
   2.7484993e-01
   2.6905557e-01
   2.6256230e-01
   2.5685355e-01
   2.5182486e-01
   2.4798565e-01
   2.4495831e-01
   2.4173552e-01
   2.3874488e-01
   2.3479732e-01
   2.3123009e-01
   2.2881956e-01
   2.2759148e-01
   2.2697453e-01
   2.2673858e-01
   2.2645157e-01
   2.2603155e-01
   2.2597887e-01
   2.2616145e-01
   2.2600189e-01
   2.2548625e-01
   2.2455276e-01
   2.2368943e-01
   2.2268903e-01
   2.2187879e-01
   2.2209307e-01
   2.2376880e-01
   2.2660083e-01
   2.6217737e-01
   2.6149486e-01
   2.5624675e-01
   2.4873264e-01
   2.4385213e-01
   2.4210109e-01
   2.4136995e-01
   2.4119644e-01
   2.4094370e-01
   2.4001116e-01
   2.4122394e-01
   2.4369067e-01
   2.4912042e-01
   2.5520626e-01
   2.6299085e-01
   2.7037521e-01
   2.7612176e-01
   2.8052103e-01
   2.8339221e-01
   2.8241686e-01
   2.7960122e-01
   2.7395314e-01
   2.6781705e-01
   2.6196160e-01
   2.5699631e-01
   2.5285614e-01
   2.4935257e-01
   2.4641015e-01
   2.4368973e-01
   2.4052992e-01
   2.3763734e-01
   2.3566268e-01
   2.3479353e-01
   2.3446778e-01
   2.3419635e-01
   2.3387358e-01
   2.3344652e-01
   2.3325798e-01
   2.3341266e-01
   2.3394266e-01
   2.3442214e-01
   2.3457085e-01
   2.3372256e-01
   2.3326760e-01
   2.3320597e-01
   2.3397733e-01
   2.3615990e-01
   2.3879716e-01
   2.6211330e-01
   2.6161364e-01
   2.5832123e-01
   2.5193809e-01
   2.4701925e-01
   2.4519791e-01
   2.4448141e-01
   2.4458678e-01
   2.4472792e-01
   2.4444159e-01
   2.4508820e-01
   2.4740351e-01
   2.5280521e-01
   2.5901864e-01
   2.6697715e-01
   2.7519193e-01
   2.8120219e-01
   2.8538393e-01
   2.8799343e-01
   2.8756732e-01
   2.8462341e-01
   2.7890205e-01
   2.7307017e-01
   2.6741437e-01
   2.6291677e-01
   2.5884757e-01
   2.5517118e-01
   2.5247581e-01
   2.5009752e-01
   2.4726779e-01
   2.4517624e-01
   2.4369989e-01
   2.4348046e-01
   2.4328068e-01
   2.4269962e-01
   2.4263108e-01
   2.4252408e-01
   2.4319305e-01
   2.4413060e-01
   2.4513927e-01
   2.4537155e-01
   2.4550808e-01
   2.4553422e-01
   2.4522175e-01
   2.4561658e-01
   2.4816580e-01
   2.5022701e-01
   2.5177677e-01
   2.6256515e-01
   2.6233665e-01
   2.5997651e-01
   2.5546130e-01
   2.5120208e-01
   2.4929230e-01
   2.4811351e-01
   2.4847895e-01
   2.4927293e-01
   2.5004280e-01
   2.5033929e-01
   2.5255356e-01
   2.5791124e-01
   2.6467119e-01
   2.7245660e-01
   2.8042839e-01
   2.8714310e-01
   2.9154644e-01
   2.9377181e-01
   2.9291268e-01
   2.9021040e-01
   2.8452006e-01
   2.7881916e-01
   2.7380686e-01
   2.6962417e-01
   2.6573241e-01
   2.6250880e-01
   2.5994848e-01
   2.5817766e-01
   2.5589175e-01
   2.5474696e-01
   2.5415845e-01
   2.5362872e-01
   2.5365243e-01
   2.5380074e-01
   2.5377406e-01
   2.5485992e-01
   2.5628576e-01
   2.5710182e-01
   2.5821911e-01
   2.5814922e-01
   2.5860987e-01
   2.5909070e-01
   2.6010735e-01
   2.6158561e-01
   2.6382141e-01
   2.6560292e-01
   2.6647289e-01
   2.6393897e-01
   2.6374854e-01
   2.6225837e-01
   2.5904370e-01
   2.5578380e-01
   2.5415154e-01
   2.5300581e-01
   2.5349599e-01
   2.5452781e-01
   2.5556952e-01
   2.5613149e-01
   2.5900456e-01
   2.6440572e-01
   2.7177111e-01
   2.7959513e-01
   2.8741927e-01
   2.9374946e-01
   2.9812002e-01
   3.0001923e-01
   2.9856170e-01
   2.9554384e-01
   2.9003432e-01
   2.8513526e-01
   2.8073002e-01
   2.7709805e-01
   2.7359841e-01
   2.7155467e-01
   2.7009416e-01
   2.6807386e-01
   2.6687259e-01
   2.6647993e-01
   2.6676179e-01
   2.6683304e-01
   2.6676897e-01
   2.6747695e-01
   2.6817679e-01
   2.6942398e-01
   2.7021146e-01
   2.7121538e-01
   2.7227375e-01
   2.7311243e-01
   2.7421103e-01
   2.7531031e-01
   2.7652783e-01
   2.7874656e-01
   2.7980994e-01
   2.8152130e-01
   2.8250964e-01
   2.6605964e-01
   2.6587192e-01
   2.6571209e-01
   2.6338852e-01
   2.6056692e-01
   2.5913472e-01
   2.5872391e-01
   2.5925946e-01
   2.6055243e-01
   2.6135684e-01
   2.6276425e-01
   2.6635830e-01
   2.7150957e-01
   2.7910332e-01
   2.8751260e-01
   2.9577816e-01
   3.0160422e-01
   3.0552686e-01
   3.0718891e-01
   3.0560447e-01
   3.0175863e-01
   2.9706584e-01
   2.9291877e-01
   2.8921880e-01
   2.8606712e-01
   2.8426312e-01
   2.8342593e-01
   2.8257899e-01
   2.8117185e-01
   2.8037191e-01
   2.8050491e-01
   2.8122454e-01
   2.8152116e-01
   2.8188781e-01
   2.8268762e-01
   2.8326895e-01
   2.8456083e-01
   2.8593357e-01
   2.8687912e-01
   2.8824576e-01
   2.9026228e-01
   2.9191607e-01
   2.9299719e-01
   2.9488056e-01
   2.9779806e-01
   2.9898903e-01
   3.0048490e-01
   3.0056684e-01
   2.6940068e-01
   2.6910094e-01
   2.6856918e-01
   2.6793489e-01
   2.6586894e-01
   2.6495617e-01
   2.6497920e-01
   2.6600330e-01
   2.6699584e-01
   2.6850986e-01
   2.7083220e-01
   2.7490397e-01
   2.8020964e-01
   2.8713050e-01
   2.9575107e-01
   3.0399903e-01
   3.0987385e-01
   3.1319511e-01
   3.1414688e-01
   3.1260497e-01
   3.0932881e-01
   3.0557372e-01
   3.0190843e-01
   2.9960558e-01
   2.9717962e-01
   2.9647774e-01
   2.9660614e-01
   2.9627904e-01
   2.9555210e-01
   2.9541016e-01
   2.9530194e-01
   2.9615660e-01
   2.9657688e-01
   2.9696074e-01
   2.9794109e-01
   2.9952784e-01
   3.0173736e-01
   3.0364037e-01
   3.0551602e-01
   3.0815789e-01
   3.1046452e-01
   3.1264899e-01
   3.1499775e-01
   3.1761754e-01
   3.2020455e-01
   3.2145295e-01
   3.2153137e-01
   3.2002698e-01
   2.7375675e-01
   2.7237764e-01
   2.7200570e-01
   2.7185983e-01
   2.7094828e-01
   2.7053314e-01
   2.7081961e-01
   2.7260139e-01
   2.7413315e-01
   2.7614086e-01
   2.7848136e-01
   2.8301174e-01
   2.8818603e-01
   2.9521633e-01
   3.0382580e-01
   3.1164060e-01
   3.1742548e-01
   3.2031128e-01
   3.2047503e-01
   3.1978169e-01
   3.1720822e-01
   3.1415122e-01
   3.1179325e-01
   3.1039829e-01
   3.0911332e-01
   3.0935062e-01
   3.0963167e-01
   3.0944746e-01
   3.0983348e-01
   3.1033274e-01
   3.1088156e-01
   3.1168462e-01
   3.1277726e-01
   3.1438269e-01
   3.1630561e-01
   3.1876544e-01
   3.2145011e-01
   3.2431207e-01
   3.2781402e-01
   3.3065905e-01
   3.3347456e-01
   3.3681939e-01
   3.3986109e-01
   3.4235261e-01
   3.4348602e-01
   3.4342750e-01
   3.4201427e-01
   3.4010340e-01
   2.7951697e-01
   2.7769821e-01
   2.7684666e-01
   2.7657564e-01
   2.7600975e-01
   2.7631044e-01
   2.7671298e-01
   2.7864213e-01
   2.8057399e-01
   2.8303219e-01
   2.8573542e-01
   2.9039962e-01
   2.9579116e-01
   3.0257062e-01
   3.1037201e-01
   3.1778779e-01
   3.2332535e-01
   3.2692888e-01
   3.2783108e-01
   3.2732614e-01
   3.2548571e-01
   3.2385982e-01
   3.2278262e-01
   3.2230518e-01
   3.2215158e-01
   3.2240717e-01
   3.2293012e-01
   3.2400109e-01
   3.2518028e-01
   3.2583313e-01
   3.2692482e-01
   3.2830853e-01
   3.3040116e-01
   3.3261732e-01
   3.3589958e-01
   3.3966009e-01
   3.4365722e-01
   3.4709266e-01
   3.5064851e-01
   3.5449964e-01
   3.5824010e-01
   3.6120853e-01
   3.6387206e-01
   3.6464722e-01
   3.6415068e-01
   3.6299031e-01
   3.6123223e-01
   3.5868816e-01
   2.8659753e-01
   2.8420041e-01
   2.8292546e-01
   2.8181183e-01
   2.8195472e-01
   2.8218092e-01
   2.8291733e-01
   2.8507282e-01
   2.8765441e-01
   2.9021352e-01
   2.9339865e-01
   2.9777449e-01
   3.0264119e-01
   3.0911955e-01
   3.1616123e-01
   3.2315239e-01
   3.2911578e-01
   3.3331419e-01
   3.3499128e-01
   3.3540926e-01
   3.3517697e-01
   3.3388699e-01
   3.3391692e-01
   3.3400090e-01
   3.3419201e-01
   3.3541021e-01
   3.3665590e-01
   3.3806183e-01
   3.3936698e-01
   3.4111653e-01
   3.4312194e-01
   3.4631304e-01
   3.4962360e-01
   3.5316496e-01
   3.5764536e-01
   3.6245964e-01
   3.6699137e-01
   3.7064637e-01
   3.7451334e-01
   3.7862276e-01
   3.8192885e-01
   3.8492816e-01
   3.8663234e-01
   3.8611317e-01
   3.8487859e-01
   3.8320610e-01
   3.8066515e-01
   3.7698604e-01
   2.9497511e-01
   2.9154793e-01
   2.9005830e-01
   2.8881951e-01
   2.8882533e-01
   2.8911370e-01
   2.9024264e-01
   2.9226430e-01
   2.9383032e-01
   2.9681486e-01
   3.0069389e-01
   3.0466068e-01
   3.0987628e-01
   3.1575747e-01
   3.2190195e-01
   3.2852348e-01
   3.3476860e-01
   3.3924020e-01
   3.4133433e-01
   3.4246394e-01
   3.4357663e-01
   3.4370693e-01
   3.4481284e-01
   3.4534717e-01
   3.4635191e-01
   3.4848748e-01
   3.5070973e-01
   3.5320613e-01
   3.5622278e-01
   3.5941699e-01
   3.6306847e-01
   3.6720768e-01
   3.7192579e-01
   3.7684409e-01
   3.8114720e-01
   3.8569316e-01
   3.9016042e-01
   3.9435842e-01
   3.9833510e-01
   4.0188987e-01
   4.0459160e-01
   4.0588389e-01
   4.0665999e-01
   4.0564673e-01
   4.0364186e-01
   4.0135364e-01
   3.9796656e-01
   3.9515552e-01
   3.0519596e-01
   3.0065163e-01
   2.9768049e-01
   2.9683464e-01
   2.9654289e-01
   2.9699744e-01
   2.9787188e-01
   3.0005540e-01
   3.0170093e-01
   3.0466095e-01
   3.0731298e-01
   3.1152019e-01
   3.1615310e-01
   3.2209849e-01
   3.2787375e-01
   3.3394672e-01
   3.3978524e-01
   3.4391172e-01
   3.4696263e-01
   3.4909929e-01
   3.5133482e-01
   3.5332722e-01
   3.5564361e-01
   3.5766229e-01
   3.5977741e-01
   3.6227394e-01
   3.6528517e-01
   3.6898148e-01
   3.7287025e-01
   3.7770688e-01
   3.8269453e-01
   3.8765658e-01
   3.9351758e-01
   3.9888027e-01
   4.0350222e-01
   4.0898668e-01
   4.1388493e-01
   4.1715648e-01
   4.2030288e-01
   4.2275783e-01
   4.2459190e-01
   4.2538683e-01
   4.2521807e-01
   4.2402073e-01
   4.2142302e-01
   4.1940623e-01
   4.1650309e-01
   4.1273947e-01
   3.1833892e-01
   3.1275261e-01
   3.0875967e-01
   3.0623348e-01
   3.0492954e-01
   3.0540035e-01
   3.0667151e-01
   3.0842173e-01
   3.1026718e-01
   3.1266592e-01
   3.1541994e-01
   3.1884251e-01
   3.2340716e-01
   3.2852836e-01
   3.3388144e-01
   3.3934897e-01
   3.4453992e-01
   3.4882095e-01
   3.5250398e-01
   3.5600037e-01
   3.5885502e-01
   3.6234451e-01
   3.6559006e-01
   3.6920970e-01
   3.7268808e-01
   3.7597697e-01
   3.7996638e-01
   3.8472039e-01
   3.8947669e-01
   3.9563296e-01
   4.0240131e-01
   4.0800537e-01
   4.1442238e-01
   4.2074931e-01
   4.2589909e-01
   4.3065025e-01
   4.3316886e-01
   4.3633476e-01
   4.3914770e-01
   4.4098583e-01
   4.4179674e-01
   4.4273172e-01
   4.4222759e-01
   4.4067593e-01
   4.3825917e-01
   4.3608134e-01
   4.3334846e-01
   4.2936338e-01
