   1.0470259101040119e-01	
   1.0442398774145617e-01	
   1.0250278603268945e-01	
   1.0281041047548291e-01	
   1.0054095468053492e-01	
   9.7737509286775631e-02	
   9.7615620356612184e-02	
   1.0044808692421991e-01	
   1.0231705052005943e-01	
   1.0671666047548291e-01	
   1.1412286404160475e-01	
   1.2238809435364041e-01	
   1.3089129829123328e-01	
   1.3955702080237742e-01	
   1.4685874814264488e-01	
   1.5161822065378899e-01	
   1.5811315936106984e-01	
   1.6684853268945021e-01	
   1.6969260772659733e-01	
   1.6855497771173850e-01	
   1.6843308878157504e-01	
   1.6997701523031203e-01	
   1.7163702637444278e-01	
   1.7528208580980684e-01	
   1.6680209881129271e-01	
   1.6023750928677563e-01	
   1.5484537518573552e-01	
   1.5400956537890045e-01	
   1.5447390416047549e-01	
   1.5555929606240712e-01	
   1.5623839153046062e-01	
   1.5644153974739972e-01	
   1.5648797362555722e-01	
   1.5652860326894502e-01	
   1.5593657132243685e-01	
   1.5518202080237742e-01	
   1.5467124814264488e-01	
   1.5530971396731055e-01	
   1.5587272473997027e-01	
   1.5673755572065379e-01	
   1.5800868313521546e-01	
   1.5830469910846953e-01	
   1.5894316493313521e-01	
   1.5900120728083209e-01	
   1.5965708580980684e-01	
   1.5988345096582465e-01	
   1.6074828194650817e-01	
   1.6163052563150074e-01	
   1.0438335809806835e-01	
   1.0291488670133729e-01	
   1.0227061664190193e-01	
   1.0244474368499257e-01	
   9.8608144502228823e-02	
   9.7099043462109957e-02	
   9.7871006686478454e-02	
   1.0014046248142645e-01	
   1.0281041047548291e-01	
   1.0740736441307577e-01	
   1.1406482169390787e-01	
   1.2247515787518573e-01	
   1.3198829866270431e-01	
   1.4115318536404162e-01	
   1.5030065936106984e-01	
   1.5797966196136701e-01	
   1.6349368499257058e-01	
   1.6847371842496286e-01	
   1.7252507429420505e-01	
   1.7199108469539376e-01	
   1.7157898402674590e-01	
   1.7249605312035662e-01	
   1.7058645988112928e-01	
   1.7406319650817237e-01	
   1.6576894502228826e-01	
   1.5852526002971767e-01	
   1.5446809992570579e-01	
   1.5395732726597325e-01	
   1.5491502600297177e-01	
   1.5505432763744428e-01	
   1.5595398402674590e-01	
   1.5562314264487370e-01	
   1.5548964524517087e-01	
   1.5506013187221396e-01	
   1.5503111069836553e-01	
   1.5407341196136701e-01	
   1.5303445393759288e-01	
   1.5337690378900445e-01	
   1.5458998885586925e-01	
   1.5499628528974740e-01	
   1.5550125371471024e-01	
   1.5597720096582465e-01	
   1.5644734398216939e-01	
   1.5628482540861813e-01	
   1.5625580423476970e-01	
   1.5680140230312037e-01	
   1.5763140787518573e-01	
   1.5840917533432392e-01	
   1.0336181277860326e-01	
   1.0251439450222882e-01	
   1.0289747399702823e-01	
   1.0154508729569094e-01	
   9.8097371842496284e-02	
   9.6774006315007433e-02	
   9.7853593982169390e-02	
   9.9931510029717688e-02	
   1.0341405089153045e-01	
   1.0848695208023774e-01	
   1.1575965824665677e-01	
   1.2365341753343240e-01	
   1.3258613484398216e-01	
   1.4353292161961367e-01	
   1.5344655460624071e-01	
   1.6226318722139674e-01	
   1.6875812592867756e-01	
   1.7220584138187223e-01	
   1.7558390601783061e-01	
   1.7772566864784548e-01	
   1.7685503343239228e-01	
   1.7396452451708766e-01	
   1.7119590453194650e-01	
   1.6909477154531946e-01	
   1.6389417719167904e-01	
   1.5797385772659733e-01	
   1.5485698365527489e-01	
   1.5501950222882616e-01	
   1.5510656575037146e-01	
   1.5559992570579495e-01	
   1.5565796805349183e-01	
   1.5463642273402675e-01	
   1.5451453380386329e-01	
   1.5394571879643387e-01	
   1.5361487741456167e-01	
   1.5248885586924221e-01	
   1.5193745356612184e-01	
   1.5221605683506687e-01	
   1.5252368127786034e-01	
   1.5317375557206539e-01	
   1.5337109955423478e-01	
   1.5416627971768201e-01	
   1.5425334323922735e-01	
   1.5475831166419018e-01	
   1.5429977711738485e-01	
   1.5508915304606241e-01	
   1.5602943907875186e-01	
   1.5642412704309064e-01	
   1.0444140044576523e-01	
   1.0356496099554235e-01	
   1.0315866456166418e-01	
   9.8863530832095092e-02	
   9.8869335066864780e-02	
   9.8201848068350667e-02	
   9.9531017830609206e-02	
   1.0179466939078752e-01	
   1.0502182392273403e-01	
   1.1069836552748885e-01	
   1.1874303491827637e-01	
   1.2635819093610698e-01	
   1.3587133172362556e-01	
   1.4599391716196136e-01	
   1.5615132800891529e-01	
   1.6616943722139674e-01	
   1.7186339153046062e-01	
   1.7603663632986627e-01	
   1.7897357912332837e-01	
   1.8122562221396732e-01	
   1.7894455794947994e-01	
   1.7618754643387816e-01	
   1.7434179977711739e-01	
   1.7077799962852896e-01	
   1.6500859026745915e-01	
   1.6009240341753342e-01	
   1.5798546619613671e-01	
   1.5741665118870729e-01	
   1.5722511144130757e-01	
   1.5626741270430908e-01	
   1.5547223254086182e-01	
   1.5429977711738485e-01	
   1.5339431649331353e-01	
   1.5341753343239228e-01	
   1.5171689264487370e-01	
   1.5114227340267458e-01	
   1.5060828380386329e-01	
   1.5021359583952451e-01	
   1.5088688707280831e-01	
   1.5109583952451708e-01	
   1.5125835809806834e-01	
   1.5190843239227339e-01	
   1.5243661775631501e-01	
   1.5239598811292721e-01	
   1.5316214710252601e-01	
   1.5349298848439821e-01	
   1.5409082466567608e-01	
   1.5475831166419018e-01	
   1.0616525817236255e-01	
   1.0448203008915305e-01	
   1.0150445765230312e-01	
   9.9333673848439816e-02	
   9.9983748142644879e-02	
   1.0021011329866271e-01	
   1.0250859026745913e-01	
   1.0452265973254087e-01	
   1.0853338595839525e-01	
   1.1504573736998513e-01	
   1.2345026931649332e-01	
   1.3205214524517087e-01	
   1.4083395245170877e-01	
   1.5000464338781574e-01	
   1.6016205423476970e-01	
   1.6901931649331353e-01	
   1.7462040304606241e-01	
   1.7940309249628528e-01	
   1.8188730497771174e-01	
   1.8341381872213966e-01	
   1.8119660104011887e-01	
   1.7903742570579495e-01	
   1.7644293276374443e-01	
   1.7251927005943538e-01	
   1.6828798291233285e-01	
   1.6448040490341753e-01	
   1.6200199665676077e-01	
   1.6012142459138187e-01	
   1.5886190564635957e-01	
   1.5737021731054979e-01	
   1.5604104754829123e-01	
   1.5431138558692423e-01	
   1.5242500928677563e-01	
   1.5181556463595838e-01	
   1.5075919390787518e-01	
   1.5028905089153047e-01	
   1.4960995542347696e-01	
   1.4876253714710252e-01	
   1.4937778603268945e-01	
   1.4938359026745915e-01	
   1.4981890787518573e-01	
   1.4968541047548292e-01	
   1.5016135772659733e-01	
   1.5059667533432392e-01	
   1.5161822065378899e-01	
   1.5085786589895989e-01	
   1.5228570765230312e-01	
   1.5275004643387816e-01	
   1.0792394130757801e-01	
   1.0472000371471026e-01	
   1.0266530460624071e-01	
   1.0189914561664190e-01	
   1.0199201337295691e-01	
   1.0277558506686478e-01	
   1.0604336924219911e-01	
   1.0873072994056464e-01	
   1.1407643016344725e-01	
   1.2137235326894502e-01	
   1.3068234583952451e-01	
   1.4014905274888559e-01	
   1.4860582280832096e-01	
   1.5680140230312037e-01	
   1.6613461181277861e-01	
   1.7303004271916791e-01	
   1.7717426634472511e-01	
   1.8157387630014860e-01	
   1.8336158060921248e-01	
   1.8312360698365526e-01	
   1.8162611441307577e-01	
   1.7956561106983654e-01	
   1.7744126114413075e-01	
   1.7426054049034176e-01	
   1.7092890973254085e-01	
   1.6823574479940565e-01	
   1.6572831537890045e-01	
   1.6312221396731055e-01	
   1.6129388001485884e-01	
   1.5913470468053492e-01	
   1.5692909546805350e-01	
   1.5491502600297177e-01	
   1.5288354383358099e-01	
   1.5143248514115898e-01	
   1.5075338967310550e-01	
   1.4947645802377416e-01	
   1.4858841010401189e-01	
   1.4796155274888559e-01	
   1.4790351040118871e-01	
   1.4871610326894502e-01	
   1.4819952637444278e-01	
   1.4849554234769688e-01	
   1.4866386515601784e-01	
   1.4923848439821694e-01	
   1.4959834695393759e-01	
   1.4928491827637444e-01	
   1.4983632057949481e-01	
   1.5103779717682020e-01	
   1.0813869799405647e-01	
   1.0533525260029718e-01	
   1.0489413075780089e-01	
   1.0531203566121843e-01	
   1.0512049591381872e-01	
   1.0758149145616643e-01	
   1.1122074665676077e-01	
   1.1541140416047549e-01	
   1.2184830052005943e-01	
   1.3002646731054979e-01	
   1.3954541233283804e-01	
   1.4970282317979197e-01	
   1.5775329680534919e-01	
   1.6558901374442794e-01	
   1.7322158246656760e-01	
   1.7777790676077265e-01	
   1.8054652674591382e-01	
   1.8298430534918275e-01	
   1.8404648031203566e-01	
   1.8280437407132244e-01	
   1.8190471768202079e-01	
   1.8036659546805350e-01	
   1.7777210252600298e-01	
   1.7572320765230312e-01	
   1.7395291604754828e-01	
   1.7192143387815750e-01	
   1.6905414190193166e-01	
   1.6674405646359583e-01	
   1.6435851597325410e-01	
   1.6173500185735512e-01	
   1.5898379457652304e-01	
   1.5554188335809807e-01	
   1.5312732169390789e-01	
   1.5189101968796434e-01	
   1.5056765416047549e-01	
   1.4922107169390789e-01	
   1.4814728826151560e-01	
   1.4785127228826150e-01	
   1.4781064264487370e-01	
   1.4811826708766715e-01	
   1.4747980126300148e-01	
   1.4692839895988113e-01	
   1.4678909732540862e-01	
   1.4693420319465081e-01	
   1.4754364784546806e-01	
   1.4825756872213966e-01	
   1.4884379643387816e-01	
   1.4919785475482913e-01	
   1.0933437035661218e-01	
   1.0836506315007430e-01	
   1.0832443350668648e-01	
   1.0929374071322437e-01	
   1.1051843424962852e-01	
   1.1416349368499257e-01	
   1.1855729940564635e-01	
   1.2335740156017831e-01	
   1.3029926634472511e-01	
   1.3974856054977711e-01	
   1.4999303491827637e-01	
   1.6001114413075779e-01	
   1.6810224739970284e-01	
   1.7498026560178306e-01	
   1.8084834695393759e-01	
   1.8397682949479940e-01	
   1.8489970282317980e-01	
   1.8682670876671620e-01	
   1.8691377228826150e-01	
   1.8584579309063892e-01	
   1.8324549591381872e-01	
   1.8106310364041606e-01	
   1.7917092310549776e-01	
   1.7797525074294204e-01	
   1.7636167347696879e-01	
   1.7417928120356613e-01	
   1.7267018016344726e-01	
   1.7066191493313521e-01	
   1.6793972882615155e-01	
   1.6499117756315007e-01	
   1.6114296991084695e-01	
   1.5773007986627044e-01	
   1.5460159732540862e-01	
   1.5172269687964338e-01	
   1.5030065936106984e-01	
   1.4912239970282318e-01	
   1.4790351040118871e-01	
   1.4801379086181277e-01	
   1.4770616641901932e-01	
   1.4723021916790491e-01	
   1.4655112369985140e-01	
   1.4619126114413075e-01	
   1.4523356240713226e-01	
   1.4530901745913818e-01	
   1.4609258915304607e-01	
   1.4669042533432392e-01	
   1.4778162147102525e-01	
   1.4787448922734026e-01	
   1.1175473625557207e-01	
   1.1245124442793462e-01	
   1.1218424962852898e-01	
   1.1351922362555721e-01	
   1.1676379086181278e-01	
   1.2165095653789004e-01	
   1.2721721768202079e-01	
   1.3335809806835067e-01	
   1.4025352897473997e-01	
   1.5133961738484397e-01	
   1.6212968982169390e-01	
   1.7165443907875186e-01	
   1.7912448922734026e-01	
   1.8567166604754828e-01	
   1.9019896916790491e-01	
   1.9198667347696879e-01	
   1.9120890601783061e-01	
   1.9181835066864786e-01	
   1.8971141344725112e-01	
   1.8750000000000000e-01	
   1.8487068164933135e-01	
   1.8323388744427935e-01	
   1.8181184992570579e-01	
   1.8014603454680536e-01	
   1.7883427748885586e-01	
   1.7759217124814264e-01	
   1.7601341939078752e-01	
   1.7336088410104011e-01	
   1.7089408432392272e-01	
   1.6775399331352153e-01	
   1.6396963224368499e-01	
   1.6025492199108471e-01	
   1.5652860326894502e-01	
   1.5320277674591382e-01	
   1.5070695579494800e-01	
   1.4917463781575038e-01	
   1.4864064821693909e-01	
   1.4746819279346210e-01	
   1.4727665304606241e-01	
   1.4615063150074295e-01	
   1.4574433506686479e-01	
   1.4527419205052006e-01	
   1.4403789004457651e-01	
   1.4401467310549776e-01	
   1.4474020245170877e-01	
   1.4558762072808321e-01	
   1.4653951523031203e-01	
   1.4615063150074295e-01	
   1.1557972696879644e-01	
   1.1596861069836553e-01	
   1.1690889673105498e-01	
   1.1941632615156018e-01	
   1.2450664004457652e-01	
   1.3117570579494800e-01	
   1.3710763372956911e-01	
   1.4503041419019316e-01	
   1.5275585066864786e-01	
   1.6611719910846953e-01	
   1.7639069465081725e-01	
   1.8557879829123328e-01	
   1.9162681092124814e-01	
   1.9667649517087668e-01	
   1.9956700408618128e-01	
   2.0021707838038633e-01	
   1.9941609398216939e-01	
   1.9817398774145617e-01	
   1.9531250000000000e-01	
   1.9181254643387816e-01	
   1.8885819093610698e-01	
   1.8614180906389302e-01	
   1.8483585624071322e-01	
   1.8388396173848440e-01	
   1.8275794019316494e-01	
   1.8117338410104011e-01	
   1.7897938335809807e-01	
   1.7650677934621101e-01	
   1.7342473068350669e-01	
   1.7020338038632987e-01	
   1.6704007243684993e-01	
   1.6284361069836553e-01	
   1.5879805906389302e-01	
   1.5507174034175333e-01	
   1.5165304606240712e-01	
   1.4918624628528976e-01	
   1.4800218239227339e-01	
   1.4765392830609211e-01	
   1.4669042533432392e-01	
   1.4569209695393759e-01	
   1.4468796433878159e-01	
   1.4442677377414562e-01	
   1.4353872585438335e-01	
   1.4295830237741455e-01	
   1.4360257243684993e-01	
   1.4424684249628528e-01	
   1.4539027674591382e-01	
   1.4480404903417535e-01	
   1.1867918833580980e-01	
   1.2069325780089153e-01	
   1.2338642273402675e-01	
   1.2744358283803864e-01	
   1.3389208766716196e-01	
   1.4118801077265974e-01	
   1.4830980683506687e-01	
   1.5798546619613671e-01	
   1.6654671248142644e-01	
   1.8160289747399702e-01	
   1.9071554606240712e-01	
   1.9858608841010400e-01	
   2.0365318536404162e-01	
   2.0802377414561665e-01	
   2.0957930906389302e-01	
   2.0953867942050519e-01	
   2.0783223439821694e-01	
   2.0436130200594355e-01	
   2.0036798848439821e-01	
   1.9608446322436851e-01	
   1.9246262072808321e-01	
   1.8979847696879643e-01	
   1.8789468796433878e-01	
   1.8671642830609211e-01	
   1.8589803120356613e-01	
   1.8477200965824667e-01	
   1.8283919947994057e-01	
   1.7990225668647847e-01	
   1.7655321322436851e-01	
   1.7309969353640417e-01	
   1.6881036404160477e-01	
   1.6460229383358099e-01	
   1.6100366827637444e-01	
   1.5687685735512630e-01	
   1.5293578194650817e-01	
   1.5009751114413075e-01	
   1.4771777488855869e-01	
   1.4701546248142644e-01	
   1.4626671619613671e-01	
   1.4508845653789004e-01	
   1.4388697994056462e-01	
   1.4339942421991084e-01	
   1.4242431277860326e-01	
   1.4156528603268945e-01	
   1.4203542904903418e-01	
   1.4247074665676077e-01	
   1.4379991641901932e-01	
   1.4375928677563149e-01	
   1.2449503157503715e-01	
   1.2644525445765231e-01	
   1.3021800705794948e-01	
   1.3621958580980684e-01	
   1.4393341381872213e-01	
   1.5173430534918275e-01	
   1.6051030832095098e-01	
   1.7179374071322437e-01	
   1.8121981797919762e-01	
   1.9743684992570579e-01	
   2.0548151931649331e-01	
   2.1085624071322437e-01	
   2.1512815750371472e-01	
   2.1842496285289748e-01	
   2.1901699479940565e-01	
   2.1824503157503714e-01	
   2.1466962295690936e-01	
   2.0971861069836553e-01	
   2.0486046619613671e-01	
   2.0005455980683506e-01	
   1.9607285475482913e-01	
   1.9321717124814264e-01	
   1.9135981612184250e-01	
   1.8985651931649331e-01	
   1.8875371471025260e-01	
   1.8682090453194650e-01	
   1.8560781946508173e-01	
   1.8274633172362556e-01	
   1.7947274331352153e-01	
   1.7534593239227339e-01	
   1.7181115341753342e-01	
   1.6687174962852896e-01	
   1.6287843610698366e-01	
   1.5911148774145617e-01	
   1.5510656575037146e-01	
   1.5117709881129271e-01	
   1.4830980683506687e-01	
   1.4735210809806834e-01	
   1.4571531389301634e-01	
   1.4467055163447251e-01	
   1.4356194279346210e-01	
   1.4292347696879643e-01	
   1.4129829123328380e-01	
   1.4064241270430908e-01	
   1.4017807392273401e-01	
   1.4110094725111441e-01	
   1.4139696322436851e-01	
   1.4173941307578009e-01	
   1.3069975854383359e-01	
   1.3273704494799404e-01	
   1.3782155460624071e-01	
   1.4527419205052006e-01	
   1.5514139115898959e-01	
   1.6383033060921248e-01	
   1.7344214338781574e-01	
   1.8468494613670133e-01	
   1.9367570579494800e-01	
   2.1038029346210996e-01	
   2.1645732726597325e-01	
   2.2206421805349183e-01	
   2.2615620356612184e-01	
   2.2823992384843983e-01	
   2.2696879643387816e-01	
   2.2494892273402675e-01	
   2.2013140787518573e-01	
   2.1501787704309064e-01	
   2.0894664747399702e-01	
   2.0393759286775631e-01	
   1.9920133729569092e-01	
   1.9609026745913818e-01	
   1.9385563707280831e-01	
   1.9262513930163447e-01	
   1.9149911775631501e-01	
   1.8961274145616641e-01	
   1.8790049219910848e-01	
   1.8537565007429421e-01	
   1.8173639487369986e-01	
   1.7750510772659733e-01	
   1.7359885772659733e-01	
   1.6890903603268945e-01	
   1.6506663261515603e-01	
   1.6050450408618128e-01	
   1.5673175148588411e-01	
   1.5309249628528976e-01	
   1.4963897659732542e-01	
   1.4744497585438335e-01	
   1.4628412890044576e-01	
   1.4428747213967311e-01	
   1.4361418090638930e-01	
   1.4194836552748885e-01	
   1.4066562964338783e-01	
   1.3952799962852896e-01	
   1.3872121099554235e-01	
   1.3863995170876672e-01	
   1.3916233283803864e-01	
   1.3959184621099555e-01	
   1.3692770245170877e-01	
   1.4133892087667163e-01	
   1.4742756315007430e-01	
   1.5562314264487370e-01	
   1.6611139487369986e-01	
   1.7523565193164933e-01	
   1.8343123142644874e-01	
   1.9313591196136701e-01	
   2.0111093053491827e-01	
   2.1854685178306091e-01	
   2.2513465824665677e-01	
   2.3143805720653790e-01	
   2.3565773588410105e-01	
   2.3670249814264488e-01	
   2.3473486255572065e-01	
   2.3123490898959881e-01	
   2.2541906575037146e-01	
   2.1937685735512630e-01	
   2.1296317793462111e-01	
   2.0646243499257058e-01	
   2.0158687778603268e-01	
   1.9880664933135214e-01	
   1.9622956909361070e-01	
   1.9488879086181277e-01	
   1.9403556835066865e-01	
   1.9300821879643387e-01	
   1.9011190564635957e-01	
   1.8772056092124814e-01	
   1.8433088781575038e-01	
   1.8009379643387816e-01	
   1.7599020245170877e-01	
   1.7142807392273401e-01	
   1.6728385029717682e-01	
   1.6254759472511143e-01	
   1.5885610141158990e-01	
   1.5460740156017830e-01	
   1.5131640044576522e-01	
   1.4812407132243685e-01	
   1.4586622399702823e-01	
   1.4471698551263001e-01	
   1.4364900631500743e-01	
   1.4149563521545319e-01	
   1.4006779346210996e-01	
   1.3789700965824667e-01	
   1.3722952265973254e-01	
   1.3635888744427935e-01	
   1.3720050148588411e-01	
   1.3727015230312037e-01	
   1.4601132986627044e-01	
   1.5064310921248142e-01	
   1.5768945022288261e-01	
   1.6507243684992570e-01	
   1.7551425520059435e-01	
   1.8467914190193166e-01	
   1.9233492756315007e-01	
   1.9798244799405645e-01	
   2.0820950965824667e-01	
   2.2431045690936108e-01	
   2.3396289933135214e-01	
   2.4070742013372956e-01	
   2.4457884472511143e-01	
   2.4499674962852896e-01	
   2.4214687035661217e-01	
   2.3696949294205052e-01	
   2.2997539004457651e-01	
   2.2291744056463597e-01	
   2.1560990898959881e-01	
   2.0931231426448738e-01	
   2.0389696322436851e-01	
   2.0127344910846953e-01	
   1.9887630014858840e-01	
   1.9777349554234769e-01	
   1.9592774888558692e-01	
   1.9483074851411589e-01	
   1.9249164190193166e-01	
   1.9026281575037146e-01	
   1.8625789375928678e-01	
   1.8220653789004457e-01	
   1.7809133543833580e-01	
   1.7387746099554235e-01	
   1.6923407317979197e-01	
   1.6495635215453194e-01	
   1.6080052005943538e-01	
   1.5653440750371472e-01	
   1.5295319465081725e-01	
   1.4971443164933135e-01	
   1.4691679049034176e-01	
   1.4488530832095098e-01	
   1.4302795319465081e-01	
   1.4124605312035662e-01	
   1.3888953380386329e-01	
   1.3696252786032689e-01	
   1.3547664375928678e-01	
   1.3467565936106984e-01	
   1.3473370170876672e-01	
   1.3457118313521546e-01	
   1.5529230126300148e-01	
   1.6109073179791977e-01	
   1.6782944836552749e-01	
   1.7530530274888559e-01	
   1.8351249071322437e-01	
   1.9203891158989600e-01	
   1.9920133729569092e-01	
   2.0234723254086182e-01	
   2.1487277117384845e-01	
   2.2939496656760772e-01	
   2.4085252600297177e-01	
   2.4835740156017830e-01	
   2.5389464153046060e-01	
   2.5317491641901929e-01	
   2.4987230683506687e-01	
   2.4313359026745915e-01	
   2.3463619056463597e-01	
   2.2615620356612184e-01	
   2.1885447622585438e-01	
   2.1206352154531946e-01	
   2.0701383729569092e-01	
   2.0354290490341753e-01	
   2.0160429049034176e-01	
   2.0003134286775631e-01	
   1.9793020988112928e-01	
   1.9658362741456167e-01	
   1.9459857912332837e-01	
   1.9192282689450224e-01	
   1.8803979383358099e-01	
   1.8417417347696879e-01	
   1.7976295505200596e-01	
   1.7582187964338783e-01	
   1.7169506872213966e-01	
   1.6723161218424962e-01	
   1.6231542533432392e-01	
   1.5835693722139674e-01	
   1.5454355497771174e-01	
   1.5080562778603268e-01	
   1.4770616641901932e-01	
   1.4483307020802377e-01	
   1.4309760401188706e-01	
   1.4088038632986627e-01	
   1.3838456537890045e-01	
   1.3646336367013373e-01	
   1.3446090267459138e-01	
   1.3306788632986627e-01	
   1.3279508729569092e-01	
   1.3271963224368499e-01	
   1.6568768573551262e-01	
   1.7119010029717682e-01	
   1.7680859955423478e-01	
   1.8308878157503714e-01	
   1.9091869427934621e-01	
   1.9775027860326894e-01	
   2.0281737555720653e-01	
   2.0317723811292721e-01	
   2.1866293647845467e-01	
   2.3220421619613671e-01	
   2.4535661218424962e-01	
   2.5625696508172363e-01	
   2.6178259658246655e-01	
   2.6159105683506684e-01	
   2.5662843610698366e-01	
   2.4851992013372956e-01	
   2.3945370542347696e-01	
   2.2981287147102525e-01	
   2.2176239784546806e-01	
   2.1474507800891529e-01	
   2.0934713967310550e-01	
   2.0602131315007430e-01	
   2.0299150260029716e-01	
   2.0137212109955424e-01	
   1.9968889301634474e-01	
   1.9805790304606241e-01	
   1.9586970653789004e-01	
   1.9286311292719169e-01	
   1.8956630757800891e-01	
   1.8530019502228826e-01	
   1.8140555349182763e-01	
   1.7718007057949481e-01	
   1.7313451894502230e-01	
   1.6926889858841010e-01	
   1.6482285475482913e-01	
   1.6061478454680536e-01	
   1.5613971953937592e-01	
   1.5233214153046062e-01	
   1.4834463224368499e-01	
   1.4566888001485884e-01	
   1.4327173105497770e-01	
   1.4111255572065379e-01	
   1.3839617384843983e-01	
   1.3604545876671620e-01	
   1.3331166419019316e-01	
   1.3242942050520060e-01	
   1.3117570579494800e-01	
   1.3021800705794948e-01	
   1.7481194279346210e-01	
   1.8099925705794948e-01	
   1.8362857540861813e-01	
   1.8959532875185736e-01	
   1.9609607169390789e-01	
   2.0069302563150074e-01	
   2.0474438150074295e-01	
   2.0393759286775631e-01	
   2.1833789933135214e-01	
   2.3399772473997027e-01	
   2.5007545505200596e-01	
   2.6247910475482911e-01	
   2.6920040861812777e-01	
   2.6936292719167904e-01	
   2.6319882986627041e-01	
   2.5430674219910848e-01	
   2.4340058506686479e-01	
   2.3314450222882616e-01	
   2.2462968982169390e-01	
   2.1726992013372956e-01	
   2.1138442607726599e-01	
   2.0865643573551262e-01	
   2.0533641344725112e-01	
   2.0297408989598811e-01	
   2.0092519502228826e-01	
   1.9946252786032689e-01	
   1.9748908803863299e-01	
   1.9430836738484397e-01	
   1.9034987927191679e-01	
   1.8643202080237742e-01	
   1.8301332652303121e-01	
   1.7915931463595838e-01	
   1.7533432392273401e-01	
   1.7141066121842496e-01	
   1.6687174962852896e-01	
   1.6286682763744428e-01	
   1.5818281017830610e-01	
   1.5392830609212482e-01	
   1.4999303491827637e-01	
   1.4722441493313521e-01	
   1.4360257243684993e-01	
   1.4112996842496286e-01	
   1.3838456537890045e-01	
   1.3529671248142644e-01	
   1.3263837295690936e-01	
   1.3038632986627044e-01	
   1.2908618127786034e-01	
   1.3090871099554235e-01	
   1.8307717310549776e-01	
   1.8800496842496286e-01	
   1.9112184249628528e-01	
   1.9598579123328380e-01	
   2.0115736441307577e-01	
   2.0184226411589895e-01	
   2.0405948179791977e-01	
   2.0282317979197623e-01	
   2.1574921062407132e-01	
   2.3387583580980684e-01	
   2.5213595839524516e-01	
   2.6802214895988113e-01	
   2.7579401931649333e-01	
   2.7671108841010400e-01	
   2.7000139301634474e-01	
   2.5945509843982167e-01	
   2.4771893573551262e-01	
   2.3641228640416048e-01	
   2.2786845282317980e-01	
   2.2037518573551262e-01	
   2.1482053306092125e-01	
   2.1087945765230312e-01	
   2.0692096953937592e-01	
   2.0450640787518573e-01	
   2.0246912147102525e-01	
   2.0061757057949481e-01	
   1.9805209881129271e-01	
   1.9571879643387816e-01	
   1.9186478454680536e-01	
   1.8780182020802377e-01	
   1.8500998328380386e-01	
   1.8108632057949481e-01	
   1.7739482726597325e-01	
   1.7326801634472511e-01	
   1.6849113112927191e-01	
   1.6485187592867756e-01	
   1.6094562592867756e-01	
   1.5644153974739972e-01	
   1.5145570208023773e-01	
   1.4786288075780088e-01	
   1.4451383729569092e-01	
   1.4211668833580982e-01	
   1.3886051263001487e-01	
   1.3524447436849926e-01	
   1.3188382243684993e-01	
   1.2910359398216939e-01	
   1.2835484769687963e-01	
   1.3014255200594355e-01	
   1.9073876300148587e-01	
   1.9459857912332837e-01	
   1.9719307206537889e-01	
   2.0102386701337296e-01	
   2.0468053491827637e-01	
   2.0201058692421991e-01	
   2.0218471396731055e-01	
   2.0183645988112928e-01	
   2.1197065378900445e-01	
   2.3089245913818723e-01	
   2.5332582652303121e-01	
   2.7112161032689452e-01	
   2.8122678306092125e-01	
   2.8324085252600295e-01	
   2.7713479754829123e-01	
   2.6490527488855869e-01	
   2.5206050334323921e-01	
   2.4040559992570579e-01	
   2.3120008358098068e-01	
   2.2398541976225855e-01	
   2.1823342310549776e-01	
   2.1368870728083209e-01	
   2.0893503900445765e-01	
   2.0684551448736999e-01	
   2.0426843424962854e-01	
   2.0219632243684993e-01	
   1.9905042719167904e-01	
   1.9672873328380386e-01	
   1.9339710252600298e-01	
   1.8969400074294204e-01	
   1.8644362927191679e-01	
   1.8312360698365526e-01	
   1.7946113484398216e-01	
   1.7509635029717682e-01	
   1.7120751300148587e-01	
   1.6669181835066865e-01	
   1.6226318722139674e-01	
   1.5788679420505200e-01	
   1.5355683506686479e-01	
   1.4967960624071322e-01	
   1.4594748328380386e-01	
   1.4237787890044576e-01	
   1.3924359212481427e-01	
   1.3552888187221396e-01	
   1.3197669019316494e-01	
   1.2840128157503714e-01	
   1.2717658803863299e-01	
   1.2910359398216939e-01	
   1.9751810921248142e-01	
   2.0006036404160477e-01	
   2.0304954494799404e-01	
   2.0524354569093611e-01	
   2.0711250928677563e-01	
   2.0194674034175333e-01	
   2.0118058135215452e-01	
   2.0204541233283804e-01	
   2.0720537704309064e-01	
   2.2649284918276374e-01	
   2.5047594725111444e-01	
   2.7169042533432392e-01	
   2.8463386887072806e-01	
   2.8806997585438338e-01	
   2.8330469910846956e-01	
   2.7030901745913821e-01	
   2.5717983841010400e-01	
   2.4514185549777118e-01	
   2.3483353454680536e-01	
   2.2737509286775631e-01	
   2.2182624442793461e-01	
   2.1667208395245172e-01	
   2.1198806649331353e-01	
   2.0850552563150074e-01	
   2.0525515416047549e-01	
   2.0296828566121841e-01	
   2.0043763930163447e-01	
   1.9785475482912332e-01	
   1.9476109769687963e-01	
   1.9212597511144131e-01	
   1.8826035475482913e-01	
   1.8520152303120357e-01	
   1.8137072808320950e-01	
   1.7709300705794948e-01	
   1.7334347139673106e-01	
   1.6901931649331353e-01	
   1.6462551077265974e-01	
   1.6038261515601784e-01	
   1.5594817979197623e-01	
   1.5177493499257058e-01	
   1.4742756315007430e-01	
   1.4340522845468054e-01	
   1.4003296805349183e-01	
   1.3598161218424962e-01	
   1.3234816121842496e-01	
   1.2866827637444278e-01	
   1.2791372585438335e-01	
   1.2937058878157504e-01	
   2.0291024331352153e-01	
   2.0455864598811294e-01	
   2.0770454123328380e-01	
   2.0733307020802377e-01	
   2.0694999071322437e-01	
   2.0185967682020803e-01	
   2.0116316864784548e-01	
   2.0092519502228826e-01	
   2.0300311106983654e-01	
   2.1798384101040119e-01	
   2.4280274888558692e-01	
   2.6895663075780091e-01	
   2.8541744056463597e-01	
   2.9165118870728085e-01	
   2.8999698179791977e-01	
   2.7756431092124817e-01	
   2.6426100482912335e-01	
   2.5035405832095098e-01	
   2.3999930349182763e-01	
   2.3161218424962854e-01	
   2.2579634101040119e-01	
   2.1974832838038633e-01	
   2.1555186664190193e-01	
   2.1126834138187223e-01	
   2.0764649888558692e-01	
   2.0462249257057949e-01	
   2.0192352340267458e-01	
   1.9877182392273401e-01	
   1.9624117756315007e-01	
   1.9314752043090638e-01	
   1.9051239784546806e-01	
   1.8707048662704309e-01	
   1.8336738484398216e-01	
   1.7920574851411589e-01	
   1.7463781575037146e-01	
   1.7056904717682020e-01	
   1.6643643202080238e-01	
   1.6297710809806834e-01	
   1.5825826523031203e-01	
   1.5423593053491827e-01	
   1.4965638930163447e-01	
   1.4486209138187223e-01	
   1.4083395245170877e-01	
   1.3734560735512630e-01	
   1.3255711367013373e-01	
   1.2966660475482913e-01	
   1.2834904346210996e-01	
   1.2981751485884102e-01	
   2.0840104940564635e-01	
   2.0997980126300148e-01	
   2.1194163261515603e-01	
   2.0841846210995543e-01	
   2.0459927563150074e-01	
   2.0160429049034176e-01	
   1.9944511515601784e-01	
   1.9856287147102525e-01	
   1.9959022102526003e-01	
   2.1083302377414562e-01	
   2.3303422176820207e-01	
   2.6204959138187223e-01	
   2.8301448736998513e-01	
   2.9300937964338780e-01	
   2.9393805720653787e-01	
   2.8434946136701339e-01	
   2.7152790676077265e-01	
   2.5809110326894502e-01	
   2.4665095653789004e-01	
   2.3687082095096582e-01	
   2.2884936849925705e-01	
   2.2370681649331353e-01	
   2.1874419576523030e-01	
   2.1462899331352153e-01	
   2.0979986998514116e-01	
   2.0693838224368499e-01	
   2.0324108469539376e-01	
   2.0030414190193166e-01	
   1.9743684992570579e-01	
   1.9442445208023773e-01	
   1.9231751485884102e-01	
   1.8944441864784548e-01	
   1.8546271359583952e-01	
   1.8097023588410105e-01	
   1.7605985326894502e-01	
   1.7125394687964338e-01	
   1.6745797734026746e-01	
   1.6510726225854383e-01	
   1.6136353083209509e-01	
   1.5748049777117384e-01	
   1.5245983469539376e-01	
   1.4760169019316494e-01	
   1.4285963038632987e-01	
   1.3873862369985140e-01	
   1.3408943164933135e-01	
   1.3032828751857356e-01	
   1.3150654717682020e-01	
   1.2974205980683506e-01	
   2.1455934249628528e-01	
   2.1516298291233285e-01	
   2.1401374442793461e-01	
   2.0773936664190193e-01	
   2.0183645988112928e-01	
   2.0098904160475484e-01	
   1.9792440564635957e-01	
   1.9871378157503714e-01	
   1.9579425148588411e-01	
   2.0526095839524516e-01	
   2.2537843610698366e-01	
   2.5300659361069838e-01	
   2.7846396731054979e-01	
   2.9144223625557208e-01	
   2.9557485141158990e-01	
   2.8968355312035660e-01	
   2.7914306277860329e-01	
   2.6704123328380386e-01	
   2.5373792719167904e-01	
   2.4290722511144131e-01	
   2.3375975111441308e-01	
   2.2728802934621101e-01	
   2.2241827637444278e-01	
   2.1776908432392272e-01	
   2.1313150074294204e-01	
   2.0884217124814264e-01	
   2.0531900074294204e-01	
   2.0167394130757801e-01	
   1.9859769687964338e-01	
   1.9567236255572065e-01	
   1.9405878528974740e-01	
   1.9142366270430908e-01	
   1.8825455052005943e-01	
   1.8303073922734026e-01	
   1.7756315007429421e-01	
   1.7323899517087668e-01	
   1.7002925334323923e-01	
   1.6734189264487370e-01	
   1.6475320393759288e-01	
   1.6013303306092125e-01	
   1.5510656575037146e-01	
   1.4947065378900445e-01	
   1.4472278974739972e-01	
   1.4050311106983654e-01	
   1.3567398774145617e-01	
   1.3200571136701336e-01	
   1.3287634658246658e-01	
   1.3293438893016346e-01	
   2.2052609583952451e-01	
   2.2151281575037146e-01	
   2.1605683506686479e-01	
   2.0521452451708766e-01	
   2.0053050705794948e-01	
   2.0174359212481427e-01	
   1.9936966010401189e-01	
   1.9789538447251115e-01	
   1.9351899145616641e-01	
   2.0080911032689450e-01	
   2.2164050891530460e-01	
   2.4644780832095098e-01	
   2.7236371656760772e-01	
   2.9123908803863297e-01	
   2.9579541233283801e-01	
   2.9230706723625555e-01	
   2.8591080052005946e-01	
   2.7505688150074292e-01	
   2.6276351225854383e-01	
   2.5089965638930162e-01	
   2.4006895430906389e-01	
   2.3217519502228826e-01	
   2.2724739970282318e-01	
   2.2221512815750372e-01	
   2.1651536961367013e-01	
   2.1203450037147104e-01	
   2.0748978454680536e-01	
   2.0382150817236255e-01	
   2.0029253343239228e-01	
   1.9758776002971767e-01	
   1.9667069093610698e-01	
   1.9396591753343240e-01	
   1.9099995356612184e-01	
   1.8588642273402675e-01	
   1.8133009843982170e-01	
   1.7641391158989600e-01	
   1.7298360884101041e-01	
   1.7040652860326894e-01	
   1.6824735326894502e-01	
   1.6326731983655274e-01	
   1.5797966196136701e-01	
   1.5235535846953938e-01	
   1.4732889115898959e-01	
   1.4256941864784548e-01	
   1.3736302005943538e-01	
   1.3339292347696879e-01	
   1.3552888187221396e-01	
   1.3699735326894502e-01	
   2.2891321508172363e-01	
   2.2624907132243685e-01	
   2.1722929049034176e-01	
   2.0393178863298664e-01	
   2.0048407317979197e-01	
   2.0266066121842496e-01	
   1.9872539004457651e-01	
   1.9805790304606241e-01	
   1.8971721768202079e-01	
   1.9763999814264488e-01	
   2.1962643945022289e-01	
   2.4214687035661217e-01	
   2.6688451894502230e-01	
   2.8693815007429418e-01	
   2.9566191493313521e-01	
   2.9581862927191677e-01	
   2.8959068536404159e-01	
   2.8065796805349180e-01	
   2.7123189078751858e-01	
   2.5872956909361072e-01	
   2.4745774517087668e-01	
   2.3785173662704309e-01	
   2.3142064450222882e-01	
   2.2595305534918275e-01	
   2.2034036032689450e-01	
   2.1557508358098068e-01	
   2.1071113484398216e-01	
   2.0628830794947994e-01	
   2.0209184621099555e-01	
   1.9905623142644874e-01	
   1.9701894502228826e-01	
   1.9590453194650817e-01	
   1.9238136144130757e-01	
   1.8855637072808321e-01	
   1.8398263372956911e-01	
   1.7955400260029716e-01	
   1.7612369985141160e-01	
   1.7370333395245172e-01	
   1.7119590453194650e-01	
   1.6670923105497770e-01	
   1.6056835066864786e-01	
   1.5504852340267458e-01	
   1.4969121471025260e-01	
   1.4457187964338783e-01	
   1.3949317421991084e-01	
   1.3588874442793461e-01	
   1.4045087295690936e-01	
   1.4365481054977711e-01	
   2.3638906946508173e-01	
   2.3065448551263001e-01	
   2.1819859769687963e-01	
   2.0504039747399702e-01	
   2.0165072436849926e-01	
   2.0365898959881129e-01	
   2.0288122213967311e-01	
   1.9570718796433878e-01	
   1.8646684621099555e-01	
   1.9306045690936108e-01	
   2.1078658989598811e-01	
   2.3183854940564635e-01	
   2.5782991270430905e-01	
   2.8175496842496284e-01	
   2.9419344353640414e-01	
   2.9838410104011887e-01	
   2.9363043276374445e-01	
   2.8550450408618128e-01	
   2.7819116827637447e-01	
   2.6700060364041606e-01	
   2.5502646731054979e-01	
   2.4485744799405645e-01	
   2.3646452451708766e-01	
   2.3003923662704309e-01	
   2.2381129271916791e-01	
   2.1970769873699852e-01	
   2.1532550148588411e-01	
   2.0995078008915305e-01	
   2.0463990527488857e-01	
   1.9993267087667163e-01	
   1.9614830980683506e-01	
   1.9412263187221396e-01	
   1.9264835624071322e-01	
   1.8948504829123328e-01	
   1.8646684621099555e-01	
   1.8238646916790491e-01	
   1.7999512444279347e-01	
   1.7798685921248142e-01	
   1.7422571508172363e-01	
   1.7030785661218426e-01	
   1.6430047362555722e-01	
   1.5731797919762258e-01	
   1.5140346396731055e-01	
   1.4575594353640417e-01	
   1.4119961924219912e-01	
   1.3846002043090638e-01	
   1.4600552563150074e-01	
   1.5043415676077265e-01	
   2.4470653789004457e-01	
   2.3632522288261515e-01	
   2.2049127043090638e-01	
   2.0874930349182763e-01	
   2.0301471953937592e-01	
   2.0253296805349183e-01	
   2.0020546991084695e-01	
   1.9283989598811294e-01	
   1.8513767644873699e-01	
   1.9145848811292721e-01	
   2.0422780460624071e-01	
   2.2422339338781574e-01	
   2.4647102526002973e-01	
   2.7285707652303121e-01	
   2.9083859583952454e-01	
   3.0138489041604755e-01	
   2.9891228640416045e-01	
   2.9183111998514116e-01	
   2.8559156760772658e-01	
   2.7446484955423478e-01	
   2.6312337481426451e-01	
   2.5153231797919762e-01	
   2.4108469539375929e-01	
   2.3457814821693909e-01	
   2.2804838410104011e-01	
   2.2300450408618128e-01	
   2.2070022288261515e-01	
   2.1526745913818723e-01	
   2.0751300148588411e-01	
   2.0136051263001487e-01	
   1.9660684435364043e-01	
   1.9281087481426448e-01	
   1.9183576337295691e-01	
   1.9206793276374443e-01	
   1.8898588410104011e-01	
   1.8578194650817237e-01	
   1.8334416790490340e-01	
   1.8307717310549776e-01	
   1.7892714524517087e-01	
   1.7494544019316494e-01	
   1.6831700408618128e-01	
   1.6104429791976227e-01	
   1.5399795690936108e-01	
   1.4770036218424962e-01	
   1.4281319650817237e-01	
   1.4242431277860326e-01	
   1.5030646359583952e-01	
   1.6114877414561665e-01	
   2.5359862555720653e-01	
   2.4468332095096582e-01	
   2.2408989598811294e-01	
   2.1144246842496286e-01	
   2.0364157689450224e-01	
   2.0285220096582465e-01	
   2.0428004271916791e-01	
   1.9111023402674590e-01	
   1.8742454494799404e-01	
   1.9188219725111441e-01	
   2.0401885215453194e-01	
   2.1938266158989600e-01	
   2.3963363670133730e-01	
   2.6731983655274888e-01	
   2.8643318164933135e-01	
   3.0191888001485884e-01	
   3.0413029346210996e-01	
   2.9861046619613668e-01	
   2.9136097696879643e-01	
   2.8116293647845469e-01	
   2.6970537704309067e-01	
   2.5641367942050519e-01	
   2.4497933692421991e-01	
   2.3803747213967311e-01	
   2.3124071322436851e-01	
   2.2738670133729569e-01	
   2.2442073736998513e-01	
   2.1888349739970284e-01	
   2.1120449479940565e-01	
   2.0281157132243685e-01	
   1.9537634658246658e-01	
   1.9272381129271918e-01	
   1.9155135586924221e-01	
   1.9352479569093611e-01	
   1.9276444093610698e-01	
   1.9064009101040119e-01	
   1.8800496842496286e-01	
   1.8675705794947994e-01	
   1.8534662890044576e-01	
   1.8051750557206539e-01	
   1.7371494242199109e-01	
   1.6524075965824667e-01	
   1.5764882057949481e-01	
   1.5001625185735512e-01	
   1.4544251485884102e-01	
   1.4743336738484397e-01	
   1.5250626857355126e-01	
   1.7626300148588411e-01	
   2.6538702637444278e-01	
   2.5166581537890043e-01	
   2.2821670690936108e-01	
   2.1468703566121841e-01	
   2.0805279531946508e-01	
   2.0762328194650817e-01	
   2.0716474739970284e-01	
   1.9802307763744428e-01	
   1.9040211738484397e-01	
   1.9214338781575038e-01	
   2.0365318536404162e-01	
   2.1709579309063892e-01	
   2.3460136515601784e-01	
   2.5743522473997027e-01	
   2.8208580980683506e-01	
   3.0453658989598809e-01	
   3.0985326894502230e-01	
   3.0681184992570582e-01	
   2.9568513187221396e-01	
   2.8428561478454678e-01	
   2.7229406575037146e-01	
   2.6029671248142644e-01	
   2.4818907875185736e-01	
   2.3928538261515603e-01	
   2.3321995728083209e-01	
   2.2984769687964338e-01	
   2.2651026188707279e-01	
   2.2157666233283804e-01	
   2.1340429977711739e-01	
   2.0374605312035662e-01	
   1.9488298662704309e-01	
   1.9096512815750372e-01	
   1.9182995913818723e-01	
   1.9391367942050519e-01	
   1.9732656946508173e-01	
   1.9632824108469540e-01	
   1.9351318722139674e-01	
   1.9103477897473997e-01	
   1.8982169390787518e-01	
   1.8549173476968797e-01	
   1.7942630943536403e-01	
   1.7123072994056462e-01	
   1.6212968982169390e-01	
   1.5438103640416048e-01	
   1.4980729940564635e-01	
   1.5458418462109955e-01	
   1.6041744056463597e-01	
   1.9628180720653790e-01	
   2.7763396173848442e-01	
   2.6062755386329867e-01	
   2.3641228640416048e-01	
   2.2044483655274888e-01	
   2.1779810549777118e-01	
   2.1722348625557206e-01	
   2.0728663632986627e-01	
   2.0320625928677563e-01	
   1.9910846953937592e-01	
   1.9824363855869243e-01	
   2.0542347696879643e-01	
   2.1718866084695393e-01	
   2.3719585809806834e-01	
   2.5595514487369986e-01	
   2.7797641158989600e-01	
   3.0074642459138184e-01	
   3.1056138558692420e-01	
   3.1014348068350667e-01	
   3.0139069465081725e-01	
   2.8491247213967308e-01	
   2.7154531946508170e-01	
   2.6070300891530462e-01	
   2.4750417904903418e-01	
   2.3820579494799404e-01	
   2.3310387258543833e-01	
   2.3063707280832096e-01	
   2.2796712481426448e-01	
   2.2358492756315007e-01	
   2.1383381315007430e-01	
   2.0338038632986627e-01	
   1.9186478454680536e-01	
   1.8901490527488857e-01	
   1.9036729197622584e-01	
   1.9444766901931648e-01	
   2.0133149145616641e-01	
   2.0223114784546806e-01	
   1.9983980312035662e-01	
   1.9672873328380386e-01	
   1.9481914004457651e-01	
   1.9235234026745915e-01	
   1.8703566121842496e-01	
   1.7973973811292721e-01	
   1.6972162890044576e-01	
   1.6167695950965824e-01	
   1.5688846582466567e-01	
   1.6366781203566122e-01	
   1.6805581352154533e-01	
   2.2312058878157504e-01	
   2.8834857912332840e-01	
   2.6880572065378899e-01	
   2.4689473439821694e-01	
   2.2608655274888559e-01	
   2.2239505943536403e-01	
   2.1971350297176820e-01	
   2.1234792904903418e-01	
   2.1502368127786034e-01	
   2.0885958395245172e-01	
   2.0911497028231799e-01	
   2.1078658989598811e-01	
   2.2049707466567608e-01	
   2.4156064264487370e-01	
   2.6178840081723626e-01	
   2.8100041790490343e-01	
   3.0201174777117384e-01	
   3.1402070950965827e-01	
   3.1461854569093611e-01	
   3.0165768945022287e-01	
   2.8527233469539376e-01	
   2.7016971582466570e-01	
   2.5678515044576522e-01	
   2.4324967496285291e-01	
   2.3405576708766715e-01	
   2.3342890973254085e-01	
   2.3229708395245172e-01	
   2.2855335252600298e-01	
   2.2473997028231799e-01	
   2.1378157503714709e-01	
   2.0045505200594355e-01	
   1.8729104754829123e-01	
   1.8586320579494800e-01	
   1.8989714895988113e-01	
   1.9725691864784548e-01	
   2.0613159361069835e-01	
   2.1116386515601784e-01	
   2.1001462667161960e-01	
   2.0735048291233285e-01	
   2.0357773031203566e-01	
   2.0299150260029716e-01	
   1.9880084509658247e-01	
   1.9034987927191679e-01	
   1.8009379643387816e-01	
   1.7047037518573552e-01	
   1.6606496099554235e-01	
   1.7071415304606241e-01	
   1.8354731612184250e-01	
   2.5037147102526003e-01	
   2.9738577265973254e-01	
   2.8048384101040119e-01	
   2.5969307206537889e-01	
   2.3767180534918275e-01	
   2.2866943722139674e-01	
   2.1695068722139674e-01	
   2.1701453380386329e-01	
   2.2119938707280831e-01	
   2.1796642830609211e-01	
   2.1813475111441308e-01	
   2.2255177377414562e-01	
   2.3128714710252601e-01	
   2.5056881500742945e-01	
   2.7299057392273401e-01	
   2.9235350111441305e-01	
   3.0771731054977713e-01	
   3.1558204866270428e-01	
   3.1501903789004460e-01	
   3.0180859955423478e-01	
   2.8582954123328380e-01	
   2.6957187964338780e-01	
   2.5487555720653787e-01	
   2.3950013930163447e-01	
   2.2770593424962854e-01	
   2.2869265416047549e-01	
   2.3149609955423478e-01	
   2.2837342124814264e-01	
   2.2330052005943538e-01	
   2.1489598811292721e-01	
   1.9942770245170877e-01	
   1.8561942793462111e-01	
   1.8509704680534919e-01	
   1.9397172176820207e-01	
   2.0286961367013373e-01	
   2.1396150631500743e-01	
   2.2011979940564635e-01	
   2.2114134472511143e-01	
   2.1896475668647847e-01	
   2.1674173476968797e-01	
   2.1758334881129271e-01	
   2.1044414004457651e-01	
   1.9887049591381872e-01	
   1.8804559806835067e-01	
   1.7697692236255572e-01	
   1.7744126114413075e-01	
   1.7803909732540862e-01	
   2.0776838781575038e-01	
   2.8752437778603268e-01	
   3.0935990898959881e-01	
   2.9574317421991086e-01	
   2.7595653789004460e-01	
   2.5529346210995540e-01	
   2.4193791790490340e-01	
   2.2462968982169390e-01	
   2.1842496285289748e-01	
   2.2497794390787518e-01	
   2.3112462852897475e-01	
   2.3483353454680536e-01	
   2.4401583395245172e-01	
   2.4712109955423478e-01	
   2.6462667161961367e-01	
   2.8520268387815750e-01	
   3.0267343053491830e-01	
   3.2146754271916789e-01	
   3.2667394130757799e-01	
   3.1489134472511143e-01	
   3.0405483841010400e-01	
   2.8871424591381872e-01	
   2.7023936664190196e-01	
   2.5369149331352153e-01	
   2.3951755200594355e-01	
   2.2669599739970284e-01	
   2.2695718796433878e-01	
   2.2954007243684993e-01	
   2.2700942607726599e-01	
   2.2339919205052006e-01	
   2.1940007429420505e-01	
   2.0380989970282318e-01	
   1.8827196322436851e-01	
   1.8830678863298664e-01	
   1.9809272845468054e-01	
   2.0955609212481427e-01	
   2.2165211738484397e-01	
   2.2749117756315007e-01	
   2.2936014115898959e-01	
   2.2830377043090638e-01	
   2.2918020988112928e-01	
   2.2717194465081725e-01	
   2.2106008543833580e-01	
   2.0762328194650817e-01	
   1.9462179606240712e-01	
   1.8463851225854383e-01	
   1.8643202080237742e-01	
   1.8805140230312037e-01	
   2.3810131872213966e-01	
   3.1946508172362553e-01	
   3.1793856797919762e-01	
   3.1399749257057952e-01	
   2.9104174405646360e-01	
   2.7332141530460624e-01	
   2.6168392459138184e-01	
   2.4224554234769688e-01	
   2.3375975111441308e-01	
   2.3984258915304607e-01	
   2.4614018387815750e-01	
   2.4753320022288261e-01	
   2.5576940936106984e-01	
   2.6411009472511143e-01	
   2.8463967310549776e-01	
   3.0815843239227342e-01	
   3.2093935735512630e-01	
   3.3115481054977713e-01	
   3.3277999628528976e-01	
   3.2475854383358099e-01	
   3.1299916419019319e-01	
   2.9524401002971767e-01	
   2.7332141530460624e-01	
   2.5332002228826150e-01	
   2.3830446693907875e-01	
   2.2753761144130757e-01	
   2.2503598625557206e-01	
   2.2609235698365526e-01	
   2.2237764673105498e-01	
   2.2362555720653790e-01	
   2.2260401188707279e-01	
   2.0716474739970284e-01	
   1.8917161961367013e-01	
   1.8943861441307577e-01	
   2.0429165118870729e-01	
   2.1753111069836553e-01	
   2.2358492756315007e-01	
   2.3164700965824667e-01	
   2.3548941307578009e-01	
   2.3705655646359583e-01	
   2.3718424962852896e-01	
   2.3828125000000000e-01	
   2.3248281946508173e-01	
   2.1888930163447251e-01	
   2.0540026002971767e-01	
   1.9952057020802377e-01	
   2.0159268202080238e-01	
   2.2027070950965824e-01	
   2.7343750000000000e-01	
   3.5510888744427932e-01	
   3.2526351225854383e-01	
   3.2701639115898962e-01	
   3.0651583395245169e-01	
   2.9492477711738485e-01	
   2.8476156203566122e-01	
   2.7221861069836550e-01	
   2.6675682578008914e-01	
   2.6008776002971767e-01	
   2.6400561849925708e-01	
   2.6633311664190196e-01	
   2.7325756872213969e-01	
   2.8026908432392272e-01	
   2.9818095282317980e-01	
   3.2320881315007427e-01	
   3.4331468239227342e-01	
   3.5122585438335807e-01	
   3.4707582652303121e-01	
   3.3766716196136703e-01	
   3.2947158246656760e-01	
   3.0610373328380386e-01	
   2.8177818536404159e-01	
   2.5488716567607728e-01	
   2.3636585252600298e-01	
   2.2431045690936108e-01	
   2.1868615341753342e-01	
   2.1898216939078752e-01	
   2.2027070950965824e-01	
   2.1998630200594355e-01	
   2.2225575780089152e-01	
   2.0912077451708766e-01	
   1.9729174405646360e-01	
   1.9894595096582465e-01	
   2.1147148959881129e-01	
   2.1955098439821694e-01	
   2.2675984398216939e-01	
   2.3640067793462111e-01	
   2.4226875928677563e-01	
   2.4389974925705796e-01	
   2.4962272473997027e-01	
   2.5452730312035660e-01	
   2.4975622213967311e-01	
   2.3792138744427935e-01	
   2.2752600297176820e-01	
   2.2332954123328380e-01	
   2.3313869799405645e-01	
   2.5789375928677566e-01	
   3.1438057206537889e-01	
   3.9420621285289748e-01	
   3.4034291419019319e-01	
   3.4394153974739972e-01	
   3.2797989413075779e-01	
   3.1506547176820210e-01	
   3.1039886701337294e-01	
   3.0259217124814264e-01	
   2.9780948179791977e-01	
   2.8895221953937594e-01	
   2.9163377600297175e-01	
   2.8923082280832096e-01	
   2.9447785104011887e-01	
   3.0953984026745912e-01	
   3.2464826337295694e-01	
   3.4126578751857356e-01	
   3.6614854197622587e-01	
   3.7872051448736999e-01	
   3.6842960624071325e-01	
   3.5253761144130757e-01	
   3.4649540304606241e-01	
   3.1757870542347699e-01	
   2.9542394130757799e-01	
   2.6231078194650820e-01	
   2.3844376857355126e-01	
   2.1830887815750372e-01	
   2.1056602897473997e-01	
   2.1000301820208023e-01	
   2.1628320022288261e-01	
   2.1724089895988113e-01	
   2.2136190564635957e-01	
   2.1495403046062408e-01	
   2.0556277860326894e-01	
   2.0671782132243685e-01	
   2.1490759658246658e-01	
   2.2655089153046062e-01	
   2.3031783989598811e-01	
   2.4031853640416048e-01	
   2.5031342867756318e-01	
   2.5758033060921248e-01	
   2.6757522288261515e-01	
   2.7366966939078752e-01	
   2.7608423105497770e-01	
   2.6945579494799404e-01	
   2.5989041604754831e-01	
   2.6048244799405645e-01	
   2.6153881872213969e-01	
   2.9548778789004460e-01	
   3.6056486812778604e-01	
   4.4109862555720653e-01	
   3.5504504086181277e-01	
   3.6227711738484397e-01	
   3.5434272845468051e-01	
   3.4602526002971767e-01	
   3.3373769502228828e-01	
   3.2358608841010400e-01	
   3.1891948365527489e-01	
   3.2028347882615155e-01	
   3.2203055349182763e-01	
   3.2579750185735512e-01	
   3.2954123328380386e-01	
   3.3965221025260028e-01	
   3.5448203008915302e-01	
   3.7245194093610701e-01	
   3.8914492013372959e-01	
   4.0468866084695393e-01	
   3.9641182206537889e-01	
   3.7993359955423478e-01	
   3.6405321322436851e-01	
   3.4086529531946508e-01	
   3.1313846582466570e-01	
   2.7609003528974740e-01	
   2.4699921062407132e-01	
   2.2356751485884102e-01	
   2.1199387072808321e-01	
   2.1101295505200596e-01	
   2.1531389301634474e-01	
   2.2132708023774145e-01	
   2.2958070208023773e-01	
   2.2353268945022289e-01	
   2.1991665118870729e-01	
   2.2107749814264488e-01	
   2.3287170319465081e-01	
   2.4092798105497770e-01	
   2.4098021916790491e-01	
   2.5348834509658247e-01	
   2.6840522845468051e-01	
   2.9122167533432392e-01	
   3.0799591381872216e-01	
   3.1323713781575035e-01	
   3.1377112741456165e-01	
   3.0457721953937594e-01	
   2.9864529160475484e-01	
   2.9881941864784545e-01	
   3.0344539375928675e-01	
   3.6360048291233282e-01	
   4.2900840453194650e-01	
   4.8992965267459138e-01	
   3.7516832280832096e-01	
   3.8187801820208023e-01	
   3.7989296991084698e-01	
   3.7820974182763745e-01	
   3.6865016716196136e-01	
   3.5694302563150077e-01	
   3.4787681092124817e-01	
   3.5580539561664193e-01	
   3.7119242199108471e-01	
   3.7699085252600295e-01	
   3.7756547176820210e-01	
   3.8109444650817237e-01	
   3.9545992756315007e-01	
   4.1544390787518576e-01	
   4.2921155274888556e-01	
   4.3567747028231796e-01	
   4.2351759843982167e-01	
   4.1053932949479943e-01	
   3.9638860512630014e-01	
   3.6596861069836550e-01	
   3.3003459323922735e-01	
   2.8607912332838037e-01	
   2.4951824851411589e-01	
   2.2854754829123328e-01	
   2.1981217496285291e-01	
   2.1465221025260028e-01	
   2.2474577451708766e-01	
   2.4378366456166420e-01	
   2.5600738298662706e-01	
   2.4948922734026746e-01	
   2.5738298662704306e-01	
   2.6339036961367013e-01	
   2.7353617199108471e-01	
   2.7519037890044579e-01	
   2.8234700037147104e-01	
   2.9942886329866270e-01	
   3.3347650445765231e-01	
   3.6476132986627041e-01	
   3.8025283246656760e-01	
   3.8203473254086179e-01	
   3.7445440193164931e-01	
   3.6551588038632987e-01	
   3.5819093610698366e-01	
   3.5692561292719166e-01	
   3.8265578566121844e-01	
   4.4006547176820210e-01	
   4.9418415676077265e-01	
   5.3266623328380391e-01	
   4.0036450594353640e-01	
   4.0933204866270428e-01	
   4.1206003900445765e-01	
   4.1351690193164931e-01	
   4.1402767459138184e-01	
   4.1101527674591382e-01	
   4.0538516901931648e-01	
   4.1618684992570582e-01	
   4.2789399145616641e-01	
   4.2805651002971767e-01	
   4.2250185735512630e-01	
   4.3361696693907875e-01	
   4.5008358098068352e-01	
   4.5579494799405645e-01	
   4.5477920690936108e-01	
   4.5427423848439824e-01	
   4.4606124628528976e-01	
   4.4053561478454678e-01	
   4.2586831352154531e-01	
   3.9377089524517089e-01	
   3.4857912332838037e-01	
   2.9545876671619614e-01	
   2.5093448179791977e-01	
   2.3946531389301634e-01	
   2.3670249814264488e-01	
   2.4224554234769688e-01	
   2.7293253157503716e-01	
   3.0647520430906389e-01	
   3.0236580609212482e-01	
   3.0673059063893016e-01	
   3.2243104569093611e-01	
   3.4324503157503716e-01	
   3.5015787518573549e-01	
   3.4951940936106984e-01	
   3.6683924591381872e-01	
   3.8844260772659733e-01	
   4.1701685549777118e-01	
   4.3554977711738485e-01	
   4.4490620356612182e-01	
   4.4563173291233282e-01	
   4.3905553491827637e-01	
   4.3033757429420505e-01	
   4.2181115341753345e-01	
   4.2338990527488857e-01	
   4.5954448365527489e-01	
   5.0282085809806831e-01	
   5.5290559992570576e-01	
   5.8357517644873702e-01	
   4.3104569093610701e-01	
   4.4275863670133730e-01	
   4.5278255014858843e-01	
   4.5160429049034173e-01	
   4.4918972882615155e-01	
   4.5148240156017833e-01	
   4.6378737927191677e-01	
   4.7662054234769691e-01	
   4.8150190378900448e-01	
   4.7073504829123330e-01	
   4.6339849554234769e-01	
   4.7222673662704306e-01	
   4.8276142273402672e-01	
   4.9063776931649333e-01	
   4.9779439078751858e-01	
   5.0624535661218428e-01	
   4.9618081352154531e-01	
   4.7579634101040119e-01	
   4.5822111812778604e-01	
   4.2441725482912335e-01	
   3.7063521545319467e-01	
   3.1765416047548289e-01	
   2.8587597511144131e-01	
   2.7340267459138184e-01	
   2.7214315564635960e-01	
   3.0378203937592868e-01	
   3.5627553863298661e-01	
   3.9714895988112925e-01	
   3.9459509658246655e-01	
   4.0299382429420505e-01	
   4.2280948179791977e-01	
   4.4164422362555722e-01	
   4.4326360512630014e-01	
   4.4248583766716199e-01	
   4.4566075408618128e-01	
   4.5943420319465084e-01	
   4.8835090081723626e-01	
   5.0988461181277855e-01	
   5.0756291790490338e-01	
   4.9570486627043092e-01	
   4.8124651745913821e-01	
   4.7651026188707279e-01	
   4.7525074294205050e-01	
   4.9680186664190196e-01	
   5.3145895245170882e-01	
   5.6149586738484403e-01	
   6.0835345468053492e-01	
   6.2724043462109957e-01	
   4.8176309435364040e-01	
   4.9160127228826150e-01	
   4.9901328008915302e-01	
   5.0045853454680533e-01	
   4.9560039004457651e-01	
   5.0900236812778599e-01	
   5.1207280832095092e-01	
   5.2137699665676074e-01	
   5.1892760958395245e-01	
   5.1791767273402678e-01	
   5.1740690007429424e-01	
   5.1877669947994054e-01	
   5.2561408803863297e-01	
   5.3191168276374445e-01	
   5.4127391344725106e-01	
   5.5138489041604755e-01	
   5.4623653417533435e-01	
   5.2185294390787518e-01	
   4.9266344725111444e-01	
   4.5383311664190196e-01	
   4.0101458023774145e-01	
   3.5205585995542349e-01	
   3.2763164004457651e-01	
   3.2350482912332840e-01	
   3.3695904531946508e-01	
   3.8810596210995540e-01	
   4.4795923105497770e-01	
   4.7808901374442792e-01	
   4.8106078194650820e-01	
   4.9017923476968794e-01	
   4.9767250185735512e-01	
   5.0994845839524516e-01	
   5.1440611069836550e-01	
   5.1138210438335807e-01	
   5.1290861812778599e-01	
   5.3479638744427938e-01	
   5.5858794576523030e-01	
   5.6673128714710252e-01	
   5.6736394873699847e-01	
   5.5854151188707279e-01	
   5.4780948179791977e-01	
   5.5186664190193169e-01	
   5.6547176820208023e-01	
   5.8186873142644868e-01	
   5.9511399517087671e-01	
   6.0985094725111444e-01	
   6.4351550891530462e-01	
   6.4736371656760772e-01	
   5.3409407503714712e-01	
   5.3842403417533435e-01	
   5.4667765601783058e-01	
   5.5197111812778599e-01	
   5.5018341381872216e-01	
   5.5188405460624068e-01	
   5.4690402117384840e-01	
   5.5291140416047546e-01	
   5.5296364227340267e-01	
   5.5317259472511149e-01	
   5.4237091381872216e-01	
   5.5005572065378905e-01	
   5.4641066121842496e-01	
   5.6320811664190196e-01	
   5.7726016901931654e-01	
   5.7565239598811291e-01	
   5.6970305534918275e-01	
   5.4833186292719172e-01	
   5.2465058506686479e-01	
   4.8834509658246655e-01	
   4.4254388001485884e-01	
   3.9216312221396732e-01	
   3.8072877971768204e-01	
   3.9534384286775631e-01	
   4.2293137072808323e-01	
   4.8323736998514116e-01	
   5.2985117942050519e-01	
   5.4995124442793464e-01	
   5.5608051634472511e-01	
   5.5631268573551262e-01	
   5.5809458580980686e-01	
   5.6779926634472511e-01	
   5.7450896173848442e-01	
   5.7335391901931654e-01	
   5.8273936664190196e-01	
   6.0203844725111444e-01	
   6.2331677191679047e-01	
   6.2611441307578009e-01	
   6.2825037147102525e-01	
   6.2168578194650814e-01	
   6.1862114598811291e-01	
   6.1598021916790491e-01	
   6.1985164375928681e-01	
   6.2332838038632987e-01	
   6.2714756686478457e-01	
   6.4538447251114417e-01	
   6.6327312407132244e-01	
   6.5864714895988108e-01	
   5.9159662890044573e-01	
   5.9849205980683506e-01	
   5.9832954123328386e-01	
   6.0049452080237742e-01	
   6.0008822436849929e-01	
   5.9029648031203563e-01	
   5.7681324294205050e-01	
   5.7968053491827642e-01	
   5.7908269873699847e-01	
   5.7901885215453197e-01	
   5.7697576151560181e-01	
   5.7359189264487365e-01	
   5.8320370542347699e-01	
   5.9822506500742945e-01	
   6.0702428491827642e-01	
   6.0909059249628528e-01	
   6.0652512072808318e-01	
   5.8990179234769691e-01	
   5.6346350297176817e-01	
   5.3161566679049033e-01	
   4.8323156575037146e-01	
   4.5694999071322434e-01	
   4.5863902303120357e-01	
   4.7741572251114411e-01	
   5.1647241827637447e-01	
   5.6865248885586928e-01	
   5.9890416047548289e-01	
   6.1915513558692425e-01	
   6.2004898774145611e-01	
   6.1590476411589901e-01	
   6.1563776931649328e-01	
   6.1746610326894502e-01	
   6.2802981054977713e-01	
   6.2915583209509662e-01	
   6.4207025445765231e-01	
   6.6191493313521543e-01	
   6.6534523588410099e-01	
   6.6522915118870729e-01	
   6.6087597511144136e-01	
   6.6051611255572062e-01	
   6.5449712109955427e-01	
   6.4890764301634474e-01	
   6.4714895988112930e-01	
   6.4693420319465078e-01	
   6.5304025817236255e-01	
   6.7834091753343240e-01	
   6.7567677377414559e-01	
   6.6715615713224363e-01	
   6.2536566679049033e-01	
   6.2937639301634474e-01	
   6.3136724554234769e-01	
   6.3526188707280828e-01	
   6.3455957466567603e-01	
   6.2762931835066860e-01	
   6.1526629829123325e-01	
   6.0974066679049033e-01	
   6.1653742570579495e-01	
   6.1883590267459143e-01	
   6.2404810549777112e-01	
   6.2692120170876675e-01	
   6.2224298848439819e-01	
   6.2193536404160477e-01	
   6.2534244985141163e-01	
   6.2874373142644868e-01	
   6.3814659175334321e-01	
   6.3421712481426451e-01	
   6.0627553863298667e-01	
   5.8034802191679047e-01	
   5.5791465453194655e-01	
   5.3616038261515597e-01	
   5.3966614041604755e-01	
   5.6129271916790491e-01	
   5.9643155646359580e-01	
   6.2266669762258542e-01	
   6.3638210438335807e-01	
   6.4905274888558695e-01	
   6.4906435735512635e-01	
   6.4817050520059438e-01	
   6.5692909546805345e-01	
   6.7544460438335807e-01	
   6.7933924591381867e-01	
   6.8233423105497770e-01	
   6.8714013744427938e-01	
   6.9205052005943535e-01	
   6.9517900260029719e-01	
   6.9492361627043087e-01	
   6.8432508358098065e-01	
   6.7881106054977713e-01	
   6.7428375742942048e-01	
   6.6780623142644868e-01	
   6.6364459509658247e-01	
   6.6636678120356607e-01	
   6.8449921062407137e-01	
   6.8801077265973254e-01	
   6.7999512444279342e-01	
   6.7400515416047546e-01	
   6.3871540676077265e-01	
   6.4082234398216942e-01	
   6.4222116456166423e-01	
   6.4426425520059438e-01	
   6.4592426634472511e-01	
   6.4584881129271920e-01	
   6.4310340824665679e-01	
   6.3602224182763745e-01	
   6.4651049405646355e-01	
   6.5068373885586928e-01	
   6.5740504271916789e-01	
   6.5759658246656760e-01	
   6.5898959881129271e-01	
   6.5619776188707279e-01	
   6.5423593053491824e-01	
   6.4716056835066860e-01	
   6.6312801820208023e-01	
   6.6310480126300153e-01	
   6.4080493127786031e-01	
   6.2698504829123325e-01	
   6.1352502786032692e-01	
   6.0865527488855864e-01	
   6.2293949665676074e-01	
   6.2930674219910843e-01	
   6.4805442050520057e-01	
   6.5635447622585441e-01	
   6.6469516158989594e-01	
   6.7508474182763745e-01	
   6.8745356612184250e-01	
   6.9901560178306088e-01	
   7.0837202823179790e-01	
   7.1396150631500743e-01	
   7.1563312592867756e-01	
   7.1884286775631501e-01	
   7.2169855126300153e-01	
   7.2221512815750366e-01	
   7.2072343982169396e-01	
   7.0863902303120352e-01	
   6.9754713038632987e-01	
   6.8676866641901935e-01	
   6.8269409361069833e-01	
   6.8034918276374445e-01	
   6.8011701337295694e-01	
   6.8739552377414559e-01	
   6.9041953008915302e-01	
   6.8871888930163450e-01	
   6.7966428306092119e-01	
   6.7385424405646355e-01	
   6.4698063707280828e-01	
   6.4836204494799410e-01	
   6.4988855869242201e-01	
   6.5208255943536408e-01	
   6.5474089895988108e-01	
   6.5783455609212482e-01	
   6.6020268387815750e-01	
   6.6229220839524516e-01	
   6.6753343239227336e-01	
   6.7405158803863297e-01	
   6.7962365341753339e-01	
   6.7733678491827642e-01	
   6.7569418647845469e-01	
   6.7492222325408613e-01	
   6.7109142830609214e-01	
   6.7419669390787518e-01	
   6.7848602340267461e-01	
   6.8274633172362553e-01	
   6.6598370170876675e-01	
   6.5990666790490338e-01	
   6.6025492199108471e-01	
   6.6643643202080238e-01	
   6.7125975111441305e-01	
   6.8100506129271920e-01	
   6.9350738298662706e-01	
   7.0084393573551262e-01	
   7.0793671062407137e-01	
   7.1233632057949481e-01	
   7.1855846025260028e-01	
   7.2334114970282315e-01	
   7.2621424591381867e-01	
   7.2702103454680533e-01	
   7.2720096582466565e-01	
   7.2691655832095092e-01	
   7.2666697622585441e-01	
   7.2589501300148584e-01	
   7.2219191121842496e-01	
   7.1128575408618133e-01	
   7.0491850854383353e-01	
   6.9884147473997027e-01	
   6.9366990156017827e-01	
   6.9242199108469538e-01	
   6.9152813893016341e-01	
   6.8956630757800896e-01	
   6.8492291976225850e-01	
   6.8117918833580982e-01	
   6.7869497585438332e-01	
   6.7298360884101038e-01	
   6.5161822065378905e-01	
   6.5281389301634474e-01	
   6.5495565564635960e-01	
   6.5879225482912329e-01	
   6.6182206537890043e-01	
   6.6545551634472511e-01	
   6.6862462852897475e-01	
   6.7167185178306088e-01	
   6.7544460438335807e-01	
   6.8323969167904908e-01	
   6.8243290304606241e-01	
   6.7943791790490338e-01	
   6.8022729383358094e-01	
   6.8121401374442792e-01	
   6.7813196508172358e-01	
   6.8015764301634474e-01	
   6.8848671991084698e-01	
   6.9692027303120352e-01	
   6.8943861441307575e-01	
   6.8569488298662706e-01	
   6.8829518016344726e-01	
   6.9487137815750366e-01	
   7.0452962481426451e-01	
   7.1330562778603268e-01	
   7.1864552377414559e-01	
   7.2261562035661220e-01	
   7.2502437778603268e-01	
   7.2693977526002973e-01	
   7.2837342124814264e-01	
   7.2902349554234769e-01	
   7.2899447436849929e-01	
   7.2919181835066860e-01	
   7.2872747956909356e-01	
   7.2787425705794950e-01	
   7.2736928863298667e-01	
   7.2712551077265974e-01	
   7.2115875742942048e-01	
   7.1154694465081725e-01	
   7.0544669390787518e-01	
   7.0152303120356607e-01	
   6.9868476040118865e-01	
   6.9387885401188709e-01	
   6.8720398402674587e-01	
   6.8044205052005946e-01	
   6.7750510772659733e-01	
   6.7431277860326899e-01	
   6.7494544019316494e-01	
   6.7214199479940562e-01	
