   4.4529055477528090e-01	
   4.4580626755617980e-01	
   4.4599280196629215e-01	
   4.4643902153558052e-01	
   4.4975275046816482e-01	
   4.5326764396067415e-01	
   4.6427317415730335e-01	
   4.7632476006554308e-01	
   4.8389220505617980e-01	
   4.7882651568352058e-01	
   4.7612725304307119e-01	
   4.8299976591760302e-01	
   4.9539150280898875e-01	
   5.0271755032771537e-01	
   5.0994850187265917e-01	
   5.2121737476591756e-01	
   5.3377370084269660e-01	
   5.5330495084269660e-01	
   5.6521389279026213e-01	
   5.6925181413857673e-01	
   5.7456255852059923e-01	
   5.7947097378277157e-01	
   5.8211171582397003e-01	
   5.8731273408239704e-01	
   5.8952554424157300e-01	
   5.9504111072097376e-01	
   6.0139425327715357e-01	
   6.0745479283707871e-01	
   6.1327759246254676e-01	
   6.1965999531835203e-01	
   6.2549742509363293e-01	
   6.3045704588014984e-01	
   6.3537643375468167e-01	
   6.3800986072097376e-01	
   6.4073472612359550e-01	
   6.4111876755617980e-01	
   6.4334255032771537e-01	
   6.4175517907303370e-01	
   6.3873405313670417e-01	
   6.3230775983146070e-01	
   6.2555228815543074e-01	
   6.1848592579588013e-01	
   6.1046860369850187e-01	
   6.0132110252808990e-01	
   5.9314284878277157e-01	
   5.7574394311797750e-01	
   5.6110647823033710e-01	
   5.6320956226591756e-01	
   4.1046348314606740e-01	
   4.0978683871722849e-01	
   4.0783371371722849e-01	
   4.0343369616104868e-01	
   4.0204017439138579e-01	
   3.9776451310861421e-01	
   4.0241324321161048e-01	
   4.1198136118913858e-01	
   4.1939518960674155e-01	
   4.3535302551498128e-01	
   4.3790232911985016e-01	
   4.6006334854868913e-01	
   4.7462766268726592e-01	
   4.8346061563670412e-01	
   5.0152153558052437e-01	
   5.1425342345505620e-01	
   5.2636352996254676e-01	
   5.3673996371722843e-01	
   5.4795031601123600e-01	
   5.4406235369850187e-01	
   5.3851021184456926e-01	
   5.3795792368913853e-01	
   5.3781162219101120e-01	
   5.3552566128277157e-01	
   5.3237652153558057e-01	
   5.3780430711610483e-01	
   5.4870376872659177e-01	
   5.6526144077715357e-01	
   5.7867728815543074e-01	
   5.8923294124531833e-01	
   5.9863647003745324e-01	
   6.0785712195692887e-01	
   6.1406030547752810e-01	
   6.1701925327715357e-01	
   6.2166798338014984e-01	
   6.2599485018726597e-01	
   6.3144458099250933e-01	
   6.3397925444756553e-01	
   6.3312339068352064e-01	
   6.2817474250936334e-01	
   6.2402709503745324e-01	
   6.1618533473782766e-01	
   6.0722802551498123e-01	
   5.9627004330524347e-01	
   5.8614232209737827e-01	
   5.7149022705992514e-01	
   5.5768302317415730e-01	
   5.6116865636704116e-01	
   3.6540627926029962e-01	
   3.5955787687265917e-01	
   3.5448852996254682e-01	
   3.5186973314606740e-01	
   3.4849748361423222e-01	
   3.5013606039325845e-01	
   3.4989466292134830e-01	
   3.5186607560861421e-01	
   3.6136470037453183e-01	
   3.7480980805243447e-01	
   3.9084810978464418e-01	
   4.1882095622659177e-01	
   4.2655299040262173e-01	
   4.3782552083333331e-01	
   4.5819068937265917e-01	
   4.8487242509363299e-01	
   4.9952086259363299e-01	
   5.1241733965355807e-01	
   5.0496693586142327e-01	
   5.0267731741573030e-01	
   4.9101343047752810e-01	
   4.8238895716292135e-01	
   4.7775485720973782e-01	
   4.7234170177902624e-01	
   4.6530094218164791e-01	
   4.6222861072097376e-01	
   4.6618240870786515e-01	
   4.7692825374531833e-01	
   4.9514644779962547e-01	
   5.1700023408239704e-01	
   5.3635226474719100e-01	
   5.5300137523408244e-01	
   5.6643185276217234e-01	
   5.7680828651685390e-01	
   5.8526085557116103e-01	
   5.9558608380149813e-01	
   6.0445926966292129e-01	
   6.0842404026217234e-01	
   6.1079412453183524e-01	
   6.1242538623595510e-01	
   6.1343120903558057e-01	
   6.0921406835205993e-01	
   6.0221719920411987e-01	
   5.8850874882958804e-01	
   5.7812500000000000e-01	
   5.6513342696629210e-01	
   5.5399988295880154e-01	
   5.5453388342696630e-01	
   3.2530503862359550e-01	
   3.2519897003745318e-01	
   3.2503072331460675e-01	
   3.2176819990636701e-01	
   3.1621971558988765e-01	
   3.1191479400749061e-01	
   3.0295382724719100e-01	
   3.0161882607677903e-01	
   3.0236496371722849e-01	
   3.1619045529026218e-01	
   3.3215194873595505e-01	
   3.5019823852996257e-01	
   3.6694976006554308e-01	
   3.8221997893258425e-01	
   4.0262538038389512e-01	
   4.2502048220973782e-01	
   4.4590867860486894e-01	
   4.5841014161985016e-01	
   4.4823852996254682e-01	
   4.4317284058988765e-01	
   4.3116514513108617e-01	
   4.1970608029026218e-01	
   4.1402958216292135e-01	
   4.1091336025280900e-01	
   4.0482721793071164e-01	
   4.0021140566479402e-01	
   3.9913974719101125e-01	
   4.0161955758426965e-01	
   4.0974660580524347e-01	
   4.1966218984082398e-01	
   4.3416798338014984e-01	
   4.5464287804307119e-01	
   4.7107985135767788e-01	
   4.8697185159176032e-01	
   5.0569844335205993e-01	
   5.2521506320224720e-01	
   5.4530225889513106e-01	
   5.5995435393258430e-01	
   5.6972729400749067e-01	
   5.7835176732209737e-01	
   5.8697989817415730e-01	
   5.8968281835205993e-01	
   5.8719569288389517e-01	
   5.7504169592696630e-01	
   5.6861540262172283e-01	
   5.5579573384831460e-01	
   5.5021798923220977e-01	
   5.4611423220973787e-01	
   3.0288799157303370e-01	
   3.0344759480337080e-01	
   3.0767936563670412e-01	
   3.0746722846441948e-01	
   3.0109579822097376e-01	
   2.8438816713483145e-01	
   2.7132710088951312e-01	
   2.6468867041198502e-01	
   2.6316713483146065e-01	
   2.7499926849250939e-01	
   2.8569756554307119e-01	
   2.8772749882958804e-01	
   2.9513401217228463e-01	
   3.0808900983146065e-01	
   3.3479634831460675e-01	
   3.6470403206928836e-01	
   3.8911443703183518e-01	
   3.9901173338014984e-01	
   4.0112944756554308e-01	
   3.9676234784644193e-01	
   3.8136045763108617e-01	
   3.6812017205056180e-01	
   3.5618928487827717e-01	
   3.5259758309925093e-01	
   3.4904611423220971e-01	
   3.4494235720973782e-01	
   3.4309164325842695e-01	
   3.4393653441011235e-01	
   3.4609813904494380e-01	
   3.5117845856741575e-01	
   3.5490914676966290e-01	
   3.5928356156367042e-01	
   3.7183623010299627e-01	
   3.8718325725655428e-01	
   4.0708391853932585e-01	
   4.2864875936329588e-01	
   4.5396989115168540e-01	
   4.7964946161048688e-01	
   5.0065835674157300e-01	
   5.1905577013108617e-01	
   5.3634860720973787e-01	
   5.5043012640449440e-01	
   5.5323911516853930e-01	
   5.4837093281835203e-01	
   5.4662994499063666e-01	
   5.4074862476591756e-01	
   5.3725201896067420e-01	
   5.3973914442883897e-01	
   2.9189709152621723e-01	
   3.0199920997191010e-01	
   3.0926673689138579e-01	
   3.0607736423220971e-01	
   2.9284805126404495e-01	
   2.6758909761235955e-01	
   2.4528177668539325e-01	
   2.3694990636704119e-01	
   2.3934559339887640e-01	
   2.4668992860486891e-01	
   2.5018653441011235e-01	
   2.5017556179775280e-01	
   2.5094730220037453e-01	
   2.6501784878277151e-01	
   2.8614378511235955e-01	
   3.1205378043071164e-01	
   3.3380515566479402e-01	
   3.5109433520599254e-01	
   3.6378599016853935e-01	
   3.6281674274344572e-01	
   3.4818659293071164e-01	
   3.3333333333333331e-01	
   3.2192547401685395e-01	
   3.1364480922284643e-01	
   3.0950813436329588e-01	
   3.0503496605805241e-01	
   3.0159688085205993e-01	
   3.0155299040262173e-01	
   2.9866719335205993e-01	
   2.9620567064606740e-01	
   2.9536443703183518e-01	
   2.9534249180711608e-01	
   2.9756993211610488e-01	
   3.0556530898876405e-01	
   3.1860077247191010e-01	
   3.3571073267790263e-01	
   3.6089653558052437e-01	
   3.8384758309925093e-01	
   4.0810071395131087e-01	
   4.3583582045880148e-01	
   4.6372820107677903e-01	
   4.8067722963483145e-01	
   4.9256422635767788e-01	
   4.9646316128277151e-01	
   5.0865373361423216e-01	
   5.1867904377340823e-01	
   5.2673659878277157e-01	
   5.2848855922284643e-01	
   3.0372556764981273e-01	
   3.1344364466292135e-01	
   3.1763152504681647e-01	
   3.1594905781835209e-01	
   2.9101928253745318e-01	
   2.5905606273408238e-01	
   2.3345695809925093e-01	
   2.2471910112359550e-01	
   2.2376448384831460e-01	
   2.2964214653558052e-01	
   2.2951413272471910e-01	
   2.2862169358614232e-01	
   2.3474441128277154e-01	
   2.4559632490636704e-01	
   2.6896798923220971e-01	
   2.9700667134831460e-01	
   3.1733892205056180e-01	
   3.3482926615168540e-01	
   3.4906074438202245e-01	
   3.4374268492509363e-01	
   3.2718501287453183e-01	
   3.0914603815543074e-01	
   2.9476094335205993e-01	
   2.8503920880149813e-01	
   2.7823618913857678e-01	
   2.7558813202247190e-01	
   2.7628672167602997e-01	
   2.8195224719101125e-01	
   2.8080012289325845e-01	
   2.7450184339887640e-01	
   2.6486788974719100e-01	
   2.5659088249063672e-01	
   2.5653236189138579e-01	
   2.5431589419475653e-01	
   2.5942181647940077e-01	
   2.6990066128277151e-01	
   2.8735443000936328e-01	
   3.1239393141385768e-01	
   3.3699087078651685e-01	
   3.5582718867041196e-01	
   3.7785287921348315e-01	
   4.0087707748127338e-01	
   4.1959269662921350e-01	
   4.2994718515917602e-01	
   4.4730220037453183e-01	
   4.7432042954119852e-01	
   4.9505135182584270e-01	
   5.0934866573033710e-01	
   3.1292793188202245e-01	
   3.2492099719101125e-01	
   3.3173498946629215e-01	
   3.2069654143258425e-01	
   2.8889425327715357e-01	
   2.5674084152621723e-01	
   2.2956899578651685e-01	
   2.1826720505617977e-01	
   2.1568498361423222e-01	
   2.1847934222846441e-01	
   2.1719920411985019e-01	
   2.2350114115168540e-01	
   2.2987988647003746e-01	
   2.4512816011235955e-01	
   2.7119177200374533e-01	
   2.9421231273408238e-01	
   3.1504564606741575e-01	
   3.3396608731273408e-01	
   3.3607282888576778e-01	
   3.2685217696629215e-01	
   3.1177215004681647e-01	
   2.8917954119850187e-01	
   2.7230000585205993e-01	
   2.6095798220973782e-01	
   2.5427566128277151e-01	
   2.5308330407303370e-01	
   2.5982780313670412e-01	
   2.7010914091760302e-01	
   2.6863881086142322e-01	
   2.5842696629213485e-01	
   2.4542442064606743e-01	
   2.3625131671348315e-01	
   2.3347890332397003e-01	
   2.2648934925093633e-01	
   2.3014322916666666e-01	
   2.3923220973782772e-01	
   2.4969276685393257e-01	
   2.6115548923220971e-01	
   2.7889820341760302e-01	
   2.9724075374531833e-01	
   3.1388620669475653e-01	
   3.2499049040262173e-01	
   3.3600333567415730e-01	
   3.5236350070224720e-01	
   3.8006568937265917e-01	
   4.0372995669475653e-01	
   4.4124166081460675e-01	
   4.7130661867977530e-01	
   3.2667295763108617e-01	
   3.3465736189138579e-01	
   3.3528280079588013e-01	
   3.1844715589887640e-01	
   2.8818103347378277e-01	
   2.5718706109550560e-01	
   2.3053458567415730e-01	
   2.1817576661985019e-01	
   2.1315396769662923e-01	
   2.1369162570224720e-01	
   2.1933886352996254e-01	
   2.2172357794943820e-01	
   2.2926542017790263e-01	
   2.4622907888576778e-01	
   2.7349602059925093e-01	
   2.9419036750936328e-01	
   3.1375453534644193e-01	
   3.2852367158239698e-01	
   3.2850172635767788e-01	
   3.1878364934456926e-01	
   2.9686036985018727e-01	
   2.7331314372659177e-01	
   2.5510592228464418e-01	
   2.4313845973782772e-01	
   2.3695356390449437e-01	
   2.3804716760299627e-01	
   2.4947697214419476e-01	
   2.5958274812734083e-01	
   2.5587766268726592e-01	
   2.4465268024344569e-01	
   2.2902402270599251e-01	
   2.2403514161985019e-01	
   2.1730893024344569e-01	
   2.1335147471910113e-01	
   2.1687734082397003e-01	
   2.2733789794007492e-01	
   2.3159527153558052e-01	
   2.3624034410112360e-01	
   2.4588527036516855e-01	
   2.5597275866104868e-01	
   2.6513854751872662e-01	
   2.7396784293071164e-01	
   2.8836391034644193e-01	
   2.9538272471910110e-01	
   3.1428487827715357e-01	
   3.4092638108614232e-01	
   3.7847466058052437e-01	
   4.1741646184456926e-01	
   3.3104737242509363e-01	
   3.3875380383895132e-01	
   3.3821980337078650e-01	
   3.2080992509363299e-01	
   2.8894545880149813e-01	
   2.5633119733146065e-01	
   2.3099543539325842e-01	
   2.1805141034644196e-01	
   2.1508514747191010e-01	
   2.1569961376404495e-01	
   2.2024227528089887e-01	
   2.2475201896067415e-01	
   2.3617450842696630e-01	
   2.5429029143258425e-01	
   2.7495903558052437e-01	
   2.9633734199438200e-01	
   3.1523949555243447e-01	
   3.2831153441011235e-01	
   3.2778119147940077e-01	
   3.1034571044007492e-01	
   2.8383953651685395e-01	
   2.5971441947565543e-01	
   2.3771798923220974e-01	
   2.2410097729400749e-01	
   2.2101401568352061e-01	
   2.2376814138576778e-01	
   2.3758631788389514e-01	
   2.4861013576779026e-01	
   2.4392117275280900e-01	
   2.3361057467228463e-01	
   2.1777709503745318e-01	
   2.1284307701310862e-01	
   2.0872834737827714e-01	
   2.0414911048689138e-01	
   2.1277358380149813e-01	
   2.1860735603932585e-01	
   2.2068483731273408e-01	
   2.2475201896067415e-01	
   2.3278031367041199e-01	
   2.3821175678838952e-01	
   2.4090370435393257e-01	
   2.4458318703183521e-01	
   2.4751287453183521e-01	
   2.5965589887640450e-01	
   2.7036516853932585e-01	
   2.8617670294943820e-01	
   3.2207909058988765e-01	
   3.6615607443820225e-01	
   3.3911590004681647e-01	
   3.4502282303370785e-01	
   3.4029728464419473e-01	
   3.1685612710674155e-01	
   2.8402972846441948e-01	
   2.5376360603932585e-01	
   2.3199760065543071e-01	
   2.2327437382958801e-01	
   2.2071775514981273e-01	
   2.2154070107677903e-01	
   2.2359623712546817e-01	
   2.3041022940074907e-01	
   2.4468559808052434e-01	
   2.5901582982209737e-01	
   2.7734375000000000e-01	
   3.0137011352996257e-01	
   3.2080261001872662e-01	
   3.3013298806179775e-01	
   3.1994674625468167e-01	
   3.0033868796816482e-01	
   2.7559910463483145e-01	
   2.4895028675093633e-01	
   2.2446673103932585e-01	
   2.1290525514981273e-01	
   2.0918919709737827e-01	
   2.1430243445692884e-01	
   2.2684778792134833e-01	
   2.3790086610486891e-01	
   2.3357765683520598e-01	
   2.2360355220037453e-01	
   2.0909410112359550e-01	
   2.0603639981273408e-01	
   1.9886031132958801e-01	
   1.9801176264044945e-01	
   2.0750672986891386e-01	
   2.1127765098314608e-01	
   2.1267848782771537e-01	
   2.1744060159176029e-01	
   2.2492392322097379e-01	
   2.2898378979400749e-01	
   2.3162087429775280e-01	
   2.3072112008426968e-01	
   2.2819376170411984e-01	
   2.2541403323970038e-01	
   2.3175254564606743e-01	
   2.4224967813670412e-01	
   2.6474353347378277e-01	
   3.1872147120786515e-01	
   3.4313187617041196e-01	
   3.4598841292134830e-01	
   3.3613134948501872e-01	
   3.1012991573033710e-01	
   2.7746079119850187e-01	
   2.5084489115168540e-01	
   2.3388854751872659e-01	
   2.2643082865168540e-01	
   2.2462400514981273e-01	
   2.2696117158239701e-01	
   2.3253525866104868e-01	
   2.4149256788389514e-01	
   2.5102045294943820e-01	
   2.6548235603932585e-01	
   2.8419066011235955e-01	
   3.0959591526217228e-01	
   3.2012962312734083e-01	
   3.2275573501872662e-01	
   3.1318761704119852e-01	
   2.9305287336142322e-01	
   2.6859126287453183e-01	
   2.4190586961610486e-01	
   2.1668349133895132e-01	
   2.0542924859550563e-01	
   2.0352367158239701e-01	
   2.1112403441011235e-01	
   2.2227586610486891e-01	
   2.2983233848314608e-01	
   2.2531162219101122e-01	
   2.1418905079588016e-01	
   2.0226547869850187e-01	
   1.9574774695692884e-01	
   1.9047357794943820e-01	
   1.9478581460674158e-01	
   2.0228742392322097e-01	
   2.0596324906367042e-01	
   2.0686666081460675e-01	
   2.1193600772471910e-01	
   2.1871708216292135e-01	
   2.2312075725655431e-01	
   2.2451427902621723e-01	
   2.2283181179775280e-01	
   2.1664691596441948e-01	
   2.0809559339887640e-01	
   2.0224353347378277e-01	
   2.0510007022471910e-01	
   2.2045075491573032e-01	
   2.6773539911048688e-01	
   3.4288316362359550e-01	
   3.4456563085205993e-01	
   3.3099616690074907e-01	
   3.0052522237827717e-01	
   2.6858394779962547e-01	
   2.4572799625468164e-01	
   2.3294124531835206e-01	
   2.2732692532771537e-01	
   2.2811329588014981e-01	
   2.3107590121722846e-01	
   2.3931633309925093e-01	
   2.4909293071161048e-01	
   2.5775763693820225e-01	
   2.7021155196629215e-01	
   2.9094247425093633e-01	
   3.0622732326779029e-01	
   3.1586859199438200e-01	
   3.1845812851123595e-01	
   3.0772325608614232e-01	
   2.8536838717228463e-01	
   2.6311592930711608e-01	
   2.3571731624531836e-01	
   2.1243709035580524e-01	
   2.0326032888576778e-01	
   2.0199116338951312e-01	
   2.0974148525280900e-01	
   2.1812456109550563e-01	
   2.2414121020599251e-01	
   2.1866221910112360e-01	
   2.0669109901685392e-01	
   1.9397384129213482e-01	
   1.8811812382958801e-01	
   1.8827539794007492e-01	
   1.9261323735955055e-01	
   1.9927361306179775e-01	
   2.0127428604868913e-01	
   2.0257271184456929e-01	
   2.0811022354868913e-01	
   2.1389279026217228e-01	
   2.1748449204119849e-01	
   2.1843179424157302e-01	
   2.1520584620786518e-01	
   2.0841379915730338e-01	
   1.9910902387640450e-01	
   1.9022120786516855e-01	
   1.8643565660112360e-01	
   1.9107707162921347e-01	
   2.2388152504681649e-01	
   3.4214799859550560e-01	
   3.4164325842696630e-01	
   3.2243387172284643e-01	
   2.9030240519662920e-01	
   2.6015698150749061e-01	
   2.4059281367041199e-01	
   2.3145262757490637e-01	
   2.2853025514981273e-01	
   2.3078329822097379e-01	
   2.3587093281835206e-01	
   2.4381510416666666e-01	
   2.5239568703183518e-01	
   2.6163096910112360e-01	
   2.7506144662921350e-01	
   2.8860896535580527e-01	
   3.0437295177902624e-01	
   3.1439460440074907e-01	
   3.1251828768726592e-01	
   3.0013020833333331e-01	
   2.7881408005617980e-01	
   2.5609711493445692e-01	
   2.3199394311797752e-01	
   2.0992436212546817e-01	
   2.0142058754681649e-01	
   2.0037818937265917e-01	
   2.0685203066479402e-01	
   2.1498639396067415e-01	
   2.1808067064606743e-01	
   2.1308081694756553e-01	
   2.0142058754681649e-01	
   1.8930682350187267e-01	
   1.8411312031835206e-01	
   1.8501287453183521e-01	
   1.9013342696629212e-01	
   1.9592696629213482e-01	
   1.9782157069288389e-01	
   2.0083538155430711e-01	
   2.0524271418539325e-01	
   2.1011821161048688e-01	
   2.1261996722846441e-01	
   2.1316494030898878e-01	
   2.0891853932584270e-01	
   2.0173147823033707e-01	
   1.9311431999063669e-01	
   1.8315484550561797e-01	
   1.7668100421348315e-01	
   1.7516678370786518e-01	
   1.9102220856741572e-01	
   3.4097027153558052e-01	
   3.3759802200374533e-01	
   3.1271213717228463e-01	
   2.7904816245318353e-01	
   2.5184705641385768e-01	
   2.3524915145131087e-01	
   2.2934954353932585e-01	
   2.2876068000936331e-01	
   2.3116368211610486e-01	
   2.3695722144194756e-01	
   2.4510621488764045e-01	
   2.5337224953183518e-01	
   2.6483131437265917e-01	
   2.7750468164794007e-01	
   2.9021462429775280e-01	
   3.0319888225655428e-01	
   3.1097480688202245e-01	
   3.0773057116104868e-01	
   2.9614715004681647e-01	
   2.7527358380149813e-01	
   2.5443293539325845e-01	
   2.3190616221910113e-01	
   2.0926966292134833e-01	
   2.0092681999063669e-01	
   2.0093047752808990e-01	
   2.0573282420411984e-01	
   2.1077656835205993e-01	
   2.1302961142322097e-01	
   2.0615344101123595e-01	
   1.9803005032771537e-01	
   1.8586142322097379e-01	
   1.8085791198501872e-01	
   1.8192957045880151e-01	
   1.8806326076779026e-01	
   1.9429204705056180e-01	
   1.9695473431647939e-01	
   1.9868840706928839e-01	
   2.0275924625468164e-01	
   2.0692518141385768e-01	
   2.0844671699438203e-01	
   2.0757988061797752e-01	
   2.0344686329588016e-01	
   1.9651217228464418e-01	
   1.8823150749063669e-01	
   1.7867436212546817e-01	
   1.7057657420411984e-01	
   1.6735428370786518e-01	
   1.7170309573970038e-01	
   3.3738222729400746e-01	
   3.3124853698501872e-01	
   3.0234301849250939e-01	
   2.7081138810861421e-01	
   2.4591818820224720e-01	
   2.3078329822097379e-01	
   2.2583830758426968e-01	
   2.2729766502808990e-01	
   2.2989817415730338e-01	
   2.3494557584269662e-01	
   2.4114144428838952e-01	
   2.5294066011235955e-01	
   2.6581153441011235e-01	
   2.7694507841760302e-01	
   2.8980863764044945e-01	
   2.9940235838014984e-01	
   3.0443147237827717e-01	
   3.0355000585205993e-01	
   2.9328329822097376e-01	
   2.7380325374531833e-01	
   2.5005486306179775e-01	
   2.2849002223782772e-01	
   2.0981463600187267e-01	
   2.0233862944756553e-01	
   2.0271901334269662e-01	
   2.0570722144194756e-01	
   2.0894779962546817e-01	
   2.0891488178838952e-01	
   2.0298967111423222e-01	
   1.9623785697565543e-01	
   1.8264644779962547e-01	
   1.7848051264044945e-01	
   1.8044826779026218e-01	
   1.8769384948501872e-01	
   1.9395189606741572e-01	
   1.9560876053370788e-01	
   1.9682672050561797e-01	
   2.0084635416666666e-01	
   2.0380164442883894e-01	
   2.0466482326779026e-01	
   2.0319083567415730e-01	
   1.9932847612359550e-01	
   1.9190367509363296e-01	
   1.8389001053370788e-01	
   1.7464009831460675e-01	
   1.6662277621722846e-01	
   1.6145833333333334e-01	
   1.6202890917602997e-01	
   3.3197272940074907e-01	
   3.2293129681647942e-01	
   2.9361247659176032e-01	
   2.6358409410112360e-01	
   2.4011001872659177e-01	
   2.2809500819288389e-01	
   2.2271111306179775e-01	
   2.2346456577715357e-01	
   2.2624429424157302e-01	
   2.3004081811797752e-01	
   2.3535522003745318e-01	
   2.4317503511235955e-01	
   2.5580451193820225e-01	
   2.7178429307116103e-01	
   2.8581094920411987e-01	
   2.9443908005617980e-01	
   3.0115066128277151e-01	
   3.0019970154494380e-01	
   2.8889425327715357e-01	
   2.6907040028089890e-01	
   2.4616690074906367e-01	
   2.2622234901685392e-01	
   2.1054248595505617e-01	
   2.0472334386704119e-01	
   2.0562309808052434e-01	
   2.0750672986891386e-01	
   2.0902826544943820e-01	
   2.0779201779026218e-01	
   2.0057569639513109e-01	
   1.9370684105805244e-01	
   1.8181618679775280e-01	
   1.7776363529962547e-01	
   1.8037877457865167e-01	
   1.8661487593632958e-01	
   1.9364100538389514e-01	
   1.9431033473782772e-01	
   1.9667676147003746e-01	
   1.9978566830524344e-01	
   2.0153031367041199e-01	
   2.0200579353932585e-01	
   2.0000877808988765e-01	
   1.9573311680711611e-01	
   1.8872161750936331e-01	
   1.8003496605805244e-01	
   1.7107765683520598e-01	
   1.6318834854868913e-01	
   1.5759963132022473e-01	
   1.5751550795880151e-01	
   3.2518433988764045e-01	
   3.1386426147003743e-01	
   2.8387611189138579e-01	
   2.5668597846441948e-01	
   2.3569537102059926e-01	
   2.2350845622659177e-01	
   2.1969730220037453e-01	
   2.2002282303370788e-01	
   2.2174918071161048e-01	
   2.2500438904494383e-01	
   2.2828520014044945e-01	
   2.3370201310861424e-01	
   2.4885519077715357e-01	
   2.6403762874531833e-01	
   2.7824350421348315e-01	
   2.9029143258426965e-01	
   2.9719686329588013e-01	
   2.9677258895131087e-01	
   2.8616207279962547e-01	
   2.6760372776217228e-01	
   2.4525617392322097e-01	
   2.2744762406367042e-01	
   2.1557159995318351e-01	
   2.1050225304307116e-01	
   2.1012918422284643e-01	
   2.1043275983146068e-01	
   2.1053517088014981e-01	
   2.0685203066479402e-01	
   1.9993928487827714e-01	
   1.9318747073970038e-01	
   1.8318410580524344e-01	
   1.7888649929775280e-01	
   1.8043363764044945e-01	
   1.8700623244382023e-01	
   1.9344715589887640e-01	
   1.9444932116104868e-01	
   1.9588673338014981e-01	
   1.9896637991573032e-01	
   2.0041110720973782e-01	
   1.9993928487827714e-01	
   1.9704251521535582e-01	
   1.9260226474719100e-01	
   1.8575535463483145e-01	
   1.7745640215355804e-01	
   1.6822843515917604e-01	
   1.6067562031835206e-01	
   1.5467725889513109e-01	
   1.5293261352996254e-01	
   3.1687075725655428e-01	
   3.0213088132022470e-01	
   2.7438845973782772e-01	
   2.4943308169475656e-01	
   2.2930931062734083e-01	
   2.1911941128277154e-01	
   2.1636162804307116e-01	
   2.1735647823033707e-01	
   2.1837693117977527e-01	
   2.1819039676966293e-01	
   2.2262698970037453e-01	
   2.2775851474719100e-01	
   2.3944068937265917e-01	
   2.5491573033707865e-01	
   2.7121371722846443e-01	
   2.8579266151685395e-01	
   2.9507914911048688e-01	
   2.9433666900749061e-01	
   2.8732516970973782e-01	
   2.6898993445692881e-01	
   2.4843091643258428e-01	
   2.3143068235018727e-01	
   2.1986189138576778e-01	
   2.1524607911985019e-01	
   2.1405372191011235e-01	
   2.1478157186329588e-01	
   2.1421465355805244e-01	
   2.0907947097378277e-01	
   2.0117919007490637e-01	
   1.9360077247191010e-01	
   1.8573340941011235e-01	
   1.8214170763108614e-01	
   1.8217828300561797e-01	
   1.8760241104868913e-01	
   1.9300459386704119e-01	
   1.9508207514044945e-01	
   1.9602206226591759e-01	
   1.9909073618913858e-01	
   1.9952964068352061e-01	
   1.9820561212546817e-01	
   1.9484067766853932e-01	
   1.9011148174157302e-01	
   1.8350596910112360e-01	
   1.7498756437265917e-01	
   1.6606683052434457e-01	
   1.5840794709737827e-01	
   1.5279728464419476e-01	
   1.5047474836142322e-01	
   3.0777080407303370e-01	
   2.9229210557116103e-01	
   2.6572741104868913e-01	
   2.4208874648876405e-01	
   2.2434603230337077e-01	
   2.1572155898876405e-01	
   2.1172752808988765e-01	
   2.0976343047752810e-01	
   2.1368065308988765e-01	
   2.1336976240636704e-01	
   2.1806238295880151e-01	
   2.2175283824906367e-01	
   2.3216584737827714e-01	
   2.4767014864232209e-01	
   2.6441801264044945e-01	
   2.7909936797752810e-01	
   2.9051454236891383e-01	
   2.9339668188202245e-01	
   2.8667047050561800e-01	
   2.7253408824906367e-01	
   2.5381481156367042e-01	
   2.3563319288389514e-01	
   2.2447038857677903e-01	
   2.1911209620786518e-01	
   2.1765273876404495e-01	
   2.1916695926966293e-01	
   2.1798191713483145e-01	
   2.1245903558052434e-01	
   2.0373580875468164e-01	
   1.9524300678838952e-01	
   1.8888986423220974e-01	
   1.8518477879213482e-01	
   1.8430696980337077e-01	
   1.8888254915730338e-01	
   1.9323867626404495e-01	
   1.9545514396067415e-01	
   1.9697667954119849e-01	
   1.9887859901685392e-01	
   1.9895906484082396e-01	
   1.9728025514981273e-01	
   1.9314723782771537e-01	
   1.8833026100187267e-01	
   1.8150163857677903e-01	
   1.7331606975655431e-01	
   1.6443922635767791e-01	
   1.5670353464419476e-01	
   1.5132329705056180e-01	
   1.4888371956928839e-01	
   3.0034966058052437e-01	
   2.8259597378277151e-01	
   2.5915847378277151e-01	
   2.3665364583333334e-01	
   2.1971558988764045e-01	
   2.1103991104868913e-01	
   2.0753964770599251e-01	
   2.0647896184456929e-01	
   2.0862227879213482e-01	
   2.0764571629213482e-01	
   2.1097407537453183e-01	
   2.1520218867041199e-01	
   2.2517263576779026e-01	
   2.4224602059925093e-01	
   2.5802463717228463e-01	
   2.7364597963483145e-01	
   2.8676922401685395e-01	
   2.9147281718164791e-01	
   2.8470637289325845e-01	
   2.7314855454119852e-01	
   2.5588132022471910e-01	
   2.4013927902621723e-01	
   2.2810232326779026e-01	
   2.2276963366104868e-01	
   2.2264161985018727e-01	
   2.2284278441011235e-01	
   2.2105790613295881e-01	
   2.1590809339887640e-01	
   2.0692152387640450e-01	
   1.9775573501872659e-01	
   1.9126360603932585e-01	
   1.8770482209737827e-01	
   1.8645028675093633e-01	
   1.9015537219101122e-01	
   1.9346544358614232e-01	
   1.9531615753745318e-01	
   1.9720344686329588e-01	
   1.9798615987827714e-01	
   1.9780694054307116e-01	
   1.9582821278089887e-01	
   1.9163301732209737e-01	
   1.8667705407303370e-01	
   1.8010080173220974e-01	
   1.7167749297752810e-01	
   1.6313714302434457e-01	
   1.5562090355805244e-01	
   1.4986393960674158e-01	
   1.4817415730337077e-01	
   2.9210922869850187e-01	
   2.7580392673220971e-01	
   2.5332835908239698e-01	
   2.3150017556179775e-01	
   2.1554233965355804e-01	
   2.0884904611423222e-01	
   2.0439416549625469e-01	
   2.0264586259363296e-01	
   2.0458069990636704e-01	
   2.0260928721910113e-01	
   2.0521345388576778e-01	
   2.0945253979400749e-01	
   2.2119323501872659e-01	
   2.3893594920411984e-01	
   2.5604225187265917e-01	
   2.7096134714419473e-01	
   2.8330187851123595e-01	
   2.8852484199438200e-01	
   2.8261060393258425e-01	
   2.7298762289325845e-01	
   2.5753086961610488e-01	
   2.4352250117041199e-01	
   2.3203783356741572e-01	
   2.2653689723782772e-01	
   2.2684047284644196e-01	
   2.2581636235955055e-01	
   2.2313904494382023e-01	
   2.1815016385767791e-01	
   2.1005969101123595e-01	
   2.0098899812734083e-01	
   1.9396286867977527e-01	
   1.9123068820224720e-01	
   1.8962502926029962e-01	
   1.9166959269662923e-01	
   1.9458099250936331e-01	
   1.9568922635767791e-01	
   1.9685963834269662e-01	
   1.9790935159176029e-01	
   1.9680477528089887e-01	
   1.9486262289325842e-01	
   1.9032361891385768e-01	
   1.8500555945692884e-01	
   1.7851708801498128e-01	
   1.7029494382022473e-01	
   1.6231419709737827e-01	
   1.5471017673220974e-01	
   1.4934456928838952e-01	
   1.4674406015917604e-01	
   2.8614378511235955e-01	
   2.7113690894194759e-01	
   2.4961595856741572e-01	
   2.2752077481273408e-01	
   2.1348314606741572e-01	
   2.0695078417602997e-01	
   2.0064153206928839e-01	
   2.0097802551498128e-01	
   2.0117187500000000e-01	
   1.9925166783707865e-01	
   1.9819098197565543e-01	
   2.0523905664794007e-01	
   2.1912306882022473e-01	
   2.3589287804307116e-01	
   2.5611906015917602e-01	
   2.7066508661048688e-01	
   2.8269838483146065e-01	
   2.8624253862359550e-01	
   2.8193395950374533e-01	
   2.7285960908239698e-01	
   2.5906703534644193e-01	
   2.4594013342696630e-01	
   2.3593676849250936e-01	
   2.2995303721910113e-01	
   2.3050166783707865e-01	
   2.2813158356741572e-01	
   2.2489466292134833e-01	
   2.2006305594569289e-01	
   2.1248098080524344e-01	
   2.0408693235018727e-01	
   1.9718515917602997e-01	
   1.9349470388576778e-01	
   1.9194390800561797e-01	
   1.9306311446629212e-01	
   1.9539662336142322e-01	
   1.9630369264981273e-01	
   1.9687061095505617e-01	
   1.9666578885767791e-01	
   1.9557218515917604e-01	
   1.9331548455056180e-01	
   1.8923001521535582e-01	
   1.8334503745318351e-01	
   1.7739788155430711e-01	
   1.6938421699438203e-01	
   1.6116207279962547e-01	
   1.5424201193820225e-01	
   1.4922752808988765e-01	
   1.4569800444756553e-01	
   2.8014176615168540e-01	
   2.6660156250000000e-01	
   2.4565118796816479e-01	
   2.2505193703183521e-01	
   2.1207865168539325e-01	
   2.0479283707865167e-01	
   2.0065981975655431e-01	
   2.0099265566479402e-01	
   1.9928824321161048e-01	
   1.9701691245318351e-01	
   1.9643536399812733e-01	
   2.0128525866104868e-01	
   2.1699438202247190e-01	
   2.3700111189138576e-01	
   2.5501814138576778e-01	
   2.7058462078651685e-01	
   2.8251185042134830e-01	
   2.8609623712546817e-01	
   2.8224850772471910e-01	
   2.7229634831460675e-01	
   2.5922065191947563e-01	
   2.4821512172284643e-01	
   2.3998566245318351e-01	
   2.3482853464419476e-01	
   2.3333991690074907e-01	
   2.3029684573970038e-01	
   2.2639059573970038e-01	
   2.2006305594569289e-01	
   2.1401348899812733e-01	
   2.0717023642322097e-01	
   2.0052814840823971e-01	
   1.9618299391385768e-01	
   1.9447492392322097e-01	
   1.9451881437265917e-01	
   1.9676819990636704e-01	
   1.9730951544943820e-01	
   1.9638781601123595e-01	
   1.9591599367977527e-01	
   1.9467243094569289e-01	
   1.9160741455992508e-01	
   1.8702817766853932e-01	
   1.8208318703183521e-01	
   1.7574101708801498e-01	
   1.6818088717228463e-01	
   1.6073414091760299e-01	
   1.5385797050561797e-01	
   1.4875204822097379e-01	
   1.4515668890449437e-01	
   2.7629403675093633e-01	
   2.6414369733146065e-01	
   2.4309456928838952e-01	
   2.2320853815543071e-01	
   2.1165071980337077e-01	
   2.0539633075842698e-01	
   2.0117187500000000e-01	
   2.0089755969101122e-01	
   1.9774841994382023e-01	
   1.9413843047752810e-01	
   1.9623785697565543e-01	
   2.0137669709737827e-01	
   2.1592272354868913e-01	
   2.3622205641385768e-01	
   2.5630925210674155e-01	
   2.7148437500000000e-01	
   2.8215706928838952e-01	
   2.8488193469101125e-01	
   2.8349207045880148e-01	
   2.7285595154494380e-01	
   2.6002165262172283e-01	
   2.4994147940074907e-01	
   2.4355541900749064e-01	
   2.3812763342696630e-01	
   2.3500043890449437e-01	
   2.3224997073970038e-01	
   2.2684413038389514e-01	
   2.2025690543071161e-01	
   2.1446702364232209e-01	
   2.0880515566479402e-01	
   2.0334810978464418e-01	
   1.9884933871722846e-01	
   1.9723636470037453e-01	
   1.9620859667602997e-01	
   1.9715955641385768e-01	
   1.9779231039325842e-01	
   1.9669139161985019e-01	
   1.9450784176029962e-01	
   1.9311066245318351e-01	
   1.9033824906367042e-01	
   1.8588336844569289e-01	
   1.8080670646067415e-01	
   1.7461083801498128e-01	
   1.6712751638576778e-01	
   1.6038301732209737e-01	
   1.5342272354868913e-01	
   1.4847407537453183e-01	
   1.4477996254681649e-01	
   2.7307540379213485e-01	
   2.6147735252808990e-01	
   2.4132432116104868e-01	
   2.2391444288389514e-01	
   2.1267483029026218e-01	
   2.0578768726591759e-01	
   2.0366997308052434e-01	
   2.0222890332397003e-01	
   1.9553560978464418e-01	
   1.9553926732209737e-01	
   1.9773013225655431e-01	
   2.0486964536516855e-01	
   2.1827817766853932e-01	
   2.3795572916666666e-01	
   2.5731873244382020e-01	
   2.7302054073033710e-01	
   2.8308974133895132e-01	
   2.8450886587078650e-01	
   2.8254111072097376e-01	
   2.7380325374531833e-01	
   2.6147003745318353e-01	
   2.5077539794007492e-01	
   2.4433081694756553e-01	
   2.3981010065543071e-01	
   2.3613793305243447e-01	
   2.3316069756554308e-01	
   2.2778411750936331e-01	
   2.2022033005617977e-01	
   2.1455480454119849e-01	
   2.0996825257490637e-01	
   2.0522442649812733e-01	
   2.0136938202247190e-01	
   1.9902124297752810e-01	
   1.9749970739700373e-01	
   1.9797884480337077e-01	
   1.9818366690074907e-01	
   1.9627443235018727e-01	
   1.9381290964419476e-01	
   1.9131481156367042e-01	
   1.8859726123595505e-01	
   1.8469101123595505e-01	
   1.7954119850187267e-01	
   1.7351357677902621e-01	
   1.6669226942883894e-01	
   1.5965150983146068e-01	
   1.5354707982209737e-01	
   1.4874473314606743e-01	
   1.4513474367977527e-01	
   2.7153923806179775e-01	
   2.6043861189138579e-01	
   2.4099514279026218e-01	
   2.2565177317415730e-01	
   2.1486203768726592e-01	
   2.0796392205056180e-01	
   2.0648627691947566e-01	
   2.0474894662921347e-01	
   1.9583918539325842e-01	
   1.9831533824906367e-01	
   2.0124136821161048e-01	
   2.1030108848314608e-01	
   2.2149315308988765e-01	
   2.3855922284644196e-01	
   2.5825871956928836e-01	
   2.7311929424157305e-01	
   2.8107443820224720e-01	
   2.8369689255617980e-01	
   2.8304950842696630e-01	
   2.7415437734082398e-01	
   2.6283795646067415e-01	
   2.5175196044007492e-01	
   2.4415891268726592e-01	
   2.4014293656367042e-01	
   2.3711449555243447e-01	
   2.3328505383895132e-01	
   2.2827056999063669e-01	
   2.2174186563670412e-01	
   2.1481448970037453e-01	
   2.1056808871722846e-01	
   2.0689957865168540e-01	
   2.0346149344569289e-01	
   2.0181925912921347e-01	
   1.9929190074906367e-01	
   1.9876887289325842e-01	
   1.9768258426966293e-01	
   1.9534541783707865e-01	
   1.9271199087078653e-01	
   1.8993591994382023e-01	
   1.8734638342696630e-01	
   1.8317679073033707e-01	
   1.7823545763108614e-01	
   1.7255164442883894e-01	
   1.6575593984082396e-01	
   1.5926381086142322e-01	
   1.5369338132022473e-01	
   1.4898978815543071e-01	
   1.4534322331460675e-01	
   2.6929351006554308e-01	
   2.5987900866104868e-01	
   2.4198267790262173e-01	
   2.2667222612359550e-01	
   2.1772954705056180e-01	
   2.1191406250000000e-01	
   2.0944888225655431e-01	
   2.0414545294943820e-01	
   1.9842140683520598e-01	
   2.0086098431647939e-01	
   2.0289823267790263e-01	
   2.1172752808988765e-01	
   2.2266722261235955e-01	
   2.3946994967228463e-01	
   2.5866470622659177e-01	
   2.7318878745318353e-01	
   2.8138532888576778e-01	
   2.8307876872659177e-01	
   2.8165232911985016e-01	
   2.7371913038389512e-01	
   2.6346339536516855e-01	
   2.5224207045880148e-01	
   2.4486481741573032e-01	
   2.3980644311797752e-01	
   2.3636470037453183e-01	
   2.3276202598314608e-01	
   2.2816084386704119e-01	
   2.2281718164794007e-01	
   2.1616412102059926e-01	
   2.1105819873595505e-01	
   2.0830407303370788e-01	
   2.0541096090823971e-01	
   2.0346880852059926e-01	
   2.0146813553370788e-01	
   1.9985516151685392e-01	
   1.9722173455056180e-01	
   1.9450418422284643e-01	
   1.9181955173220974e-01	
   1.8888254915730338e-01	
   1.8507139513108614e-01	
   1.8184178955992508e-01	
   1.7705407303370788e-01	
   1.7100084854868913e-01	
   1.6569010416666666e-01	
   1.5923089302434457e-01	
   1.5381042251872659e-01	
   1.4938480220037453e-01	
   1.4625395014044945e-01	
   2.6659790496254682e-01	
   2.5908898057116103e-01	
   2.4283854166666666e-01	
   2.2918861189138576e-01	
   2.2041783707865167e-01	
   2.1689562851123595e-01	
   2.1369528323970038e-01	
   2.0745918188202248e-01	
   2.0178999882958801e-01	
   2.0396989115168540e-01	
   2.0529391970973782e-01	
   2.1318322799625469e-01	
   2.2444844335205993e-01	
   2.4114144428838952e-01	
   2.6042398174157305e-01	
   2.7440308988764045e-01	
   2.8133046582397003e-01	
   2.8208391853932585e-01	
   2.8012713600187267e-01	
   2.7244630735018727e-01	
   2.6329880617977530e-01	
   2.5318937265917602e-01	
   2.4589258544007492e-01	
   2.4042090941011235e-01	
   2.3630617977528090e-01	
   2.3265229985955055e-01	
   2.2805843281835206e-01	
   2.2317927785580524e-01	
   2.1749180711610486e-01	
   2.1266385767790263e-01	
   2.0937938904494383e-01	
   2.0723241455992508e-01	
   2.0521711142322097e-01	
   2.0314328768726592e-01	
   2.0064153206928839e-01	
   1.9780694054307116e-01	
   1.9430667720037453e-01	
   1.9068937265917604e-01	
   1.8768287687265917e-01	
   1.8378394194756553e-01	
   1.8040071980337077e-01	
   1.7609945575842698e-01	
   1.7071921816479402e-01	
   1.6522925444756553e-01	
   1.5951983848314608e-01	
   1.5426761470037453e-01	
   1.5010167954119849e-01	
   1.4657215589887640e-01	
   2.6384743679775280e-01	
   2.5882198033707865e-01	
   2.4474777621722846e-01	
   2.3223899812734083e-01	
   2.2334020950374531e-01	
   2.1960952130149813e-01	
   2.1723212195692884e-01	
   2.1185919943820225e-01	
   2.0578402972846441e-01	
   2.0717755149812733e-01	
   2.0869542954119849e-01	
   2.1722114934456929e-01	
   2.2799991221910113e-01	
   2.4453563904494383e-01	
   2.6161999648876405e-01	
   2.7582221441947563e-01	
   2.8179497308052437e-01	
   2.8240578183520598e-01	
   2.7826910697565543e-01	
   2.7114788155430714e-01	
   2.6234053136704122e-01	
   2.5362096207865170e-01	
   2.4607546231273408e-01	
   2.4101708801498128e-01	
   2.3620011118913858e-01	
   2.3186592930711611e-01	
   2.2727937734082396e-01	
   2.2348651100187267e-01	
   2.1882680828651685e-01	
   2.1404640683520598e-01	
   2.1072536282771537e-01	
   2.0829310042134833e-01	
   2.0676790730337077e-01	
   2.0452949438202248e-01	
   2.0129623127340823e-01	
   1.9782157069288389e-01	
   1.9375804658239701e-01	
   1.8998712546816479e-01	
   1.8650514981273408e-01	
   1.8288053019662923e-01	
   1.7889747191011235e-01	
   1.7528748244382023e-01	
   1.7015229985955055e-01	
   1.6503174742509363e-01	
   1.5961127691947566e-01	
   1.5522588951310862e-01	
   1.5096485838014981e-01	
   1.4770965004681649e-01	
   2.5897193937265917e-01	
   2.5625438904494380e-01	
   2.4570970856741572e-01	
   2.3496752106741572e-01	
   2.2714404845505617e-01	
   2.2188085205992508e-01	
   2.2018741221910113e-01	
   2.1691025866104868e-01	
   2.1015112944756553e-01	
   2.1011089653558052e-01	
   2.1188845973782772e-01	
   2.2098109784644196e-01	
   2.3332528675093633e-01	
   2.4880032771535582e-01	
   2.6636016502808990e-01	
   2.7869703885767788e-01	
   2.8397852294007492e-01	
   2.8338965941011235e-01	
   2.7758880500936328e-01	
   2.7006890800561800e-01	
   2.6153953066479402e-01	
   2.5318937265917602e-01	
   2.4577920177902621e-01	
   2.4006247073970038e-01	
   2.3569171348314608e-01	
   2.3204149110486891e-01	
   2.2723182935393257e-01	
   2.2356697682584270e-01	
   2.1946321980337077e-01	
   2.1597392907303370e-01	
   2.1271506320224720e-01	
   2.0963541666666666e-01	
   2.0753233263108614e-01	
   2.0533415262172286e-01	
   2.0175708099250936e-01	
   1.9766429658239701e-01	
   1.9348738881086142e-01	
   1.8980424859550563e-01	
   1.8569683403558052e-01	
   1.8194785814606743e-01	
   1.7804892322097379e-01	
   1.7407318000936331e-01	
   1.6948662804307116e-01	
   1.6509392556179775e-01	
   1.5995508544007492e-01	
   1.5524783473782772e-01	
   1.5178414676966293e-01	
   1.4892029494382023e-01	
   2.5391722261235955e-01	
   2.5222378277153557e-01	
   2.4494528323970038e-01	
   2.3726445458801498e-01	
   2.3027124297752810e-01	
   2.2429116924157302e-01	
   2.2368036048689138e-01	
   2.2009597378277154e-01	
   2.1508148993445692e-01	
   2.1386718750000000e-01	
   2.1406469452247190e-01	
   2.2495684105805244e-01	
   2.3806545529026218e-01	
   2.5465238764044945e-01	
   2.7101621020599254e-01	
   2.8183520599250939e-01	
   2.8572682584269665e-01	
   2.8338965941011235e-01	
   2.7773876404494380e-01	
   2.6927156484082398e-01	
   2.5990826896067415e-01	
   2.5256393375468167e-01	
   2.4511352996254682e-01	
   2.3964916900749064e-01	
   2.3528938436329588e-01	
   2.3159161399812733e-01	
   2.2764513108614232e-01	
   2.2391078534644196e-01	
   2.2011426147003746e-01	
   2.1686636821161048e-01	
   2.1399885884831460e-01	
   2.1130325374531836e-01	
   2.0838453885767791e-01	
   2.0572916666666666e-01	
   2.0170953300561797e-01	
   1.9741558403558052e-01	
   1.9262786750936331e-01	
   1.8883500117041199e-01	
   1.8497629915730338e-01	
   1.8115417251872659e-01	
   1.7694800444756553e-01	
   1.7319902855805244e-01	
   1.6926717579588016e-01	
   1.6499517205056180e-01	
   1.6028792134831460e-01	
   1.5615124648876405e-01	
   1.5249736657303370e-01	
   1.4991880266853932e-01	
   2.4775427200374531e-01	
   2.4796275163857678e-01	
   2.4324452832397003e-01	
   2.3706329002808990e-01	
   2.3284614934456929e-01	
   2.2685144545880151e-01	
   2.2543963600187267e-01	
   2.2238924976591759e-01	
   2.2014352176966293e-01	
   2.1691757373595505e-01	
   2.1748814957865167e-01	
   2.2856683052434457e-01	
   2.4319698033707865e-01	
   2.5966687148876405e-01	
   2.7487856975655428e-01	
   2.8406996137640450e-01	
   2.8759582748127338e-01	
   2.8488193469101125e-01	
   2.7898232677902624e-01	
   2.6900090706928836e-01	
   2.5938889864232212e-01	
   2.5090706928838952e-01	
   2.4472948852996254e-01	
   2.3879330524344569e-01	
   2.3419578066479402e-01	
   2.3105761352996254e-01	
   2.2810232326779026e-01	
   2.2433140215355804e-01	
   2.2097378277153559e-01	
   2.1816845154494383e-01	
   2.1519487359550563e-01	
   2.1233467930711611e-01	
   2.0907581343632958e-01	
   2.0606931764981273e-01	
   2.0182657420411984e-01	
   1.9696570692883894e-01	
   1.9247059339887640e-01	
   1.8822784995318351e-01	
   1.8415335323033707e-01	
   1.8040071980337077e-01	
   1.7626770248127341e-01	
   1.7287350772471910e-01	
   1.6894897003745318e-01	
   1.6488544592696630e-01	
   1.6078534644194756e-01	
   1.5718632958801498e-01	
   1.5381042251872659e-01	
   1.5140376287453183e-01	
   2.4134992392322097e-01	
   2.4184734901685392e-01	
   2.4011001872659177e-01	
   2.3532230220037453e-01	
   2.3322287570224720e-01	
   2.2859974836142322e-01	
   2.2753540496254682e-01	
   2.2468984082397003e-01	
   2.2409366221910113e-01	
   2.2210761938202248e-01	
   2.2088234433520598e-01	
   2.3238164208801498e-01	
   2.4851503979400749e-01	
   2.6436680711610488e-01	
   2.7735838014981273e-01	
   2.8664121020599254e-01	
   2.8893082865168540e-01	
   2.8525500351123595e-01	
   2.7840077832397003e-01	
   2.6828037219101125e-01	
   2.5917676147003743e-01	
   2.4984638342696630e-01	
   2.4385533707865167e-01	
   2.3882988061797752e-01	
   2.3340209503745318e-01	
   2.3031147588951312e-01	
   2.2777680243445692e-01	
   2.2518360838014981e-01	
   2.2208201661985019e-01	
   2.1959489115168540e-01	
   2.1678955992509363e-01	
   2.1291622776217228e-01	
   2.0921479985955055e-01	
   2.0560846793071161e-01	
   2.0191801264044945e-01	
   1.9717418656367042e-01	
   1.9276319639513109e-01	
   1.8776700023408241e-01	
   1.8360472261235955e-01	
   1.7956314372659177e-01	
   1.7602264747191010e-01	
   1.7265039794007492e-01	
   1.6870391502808990e-01	
   1.6531337780898878e-01	
   1.6155342930711611e-01	
   1.5818483731273408e-01	
   1.5544168422284643e-01	
   1.5396403909176029e-01	
   2.3454324672284643e-01	
   2.3552346676029962e-01	
   2.3513211025280900e-01	
   2.3321190308988765e-01	
   2.3233409410112360e-01	
   2.2943366690074907e-01	
   2.2897647471910113e-01	
   2.2676366455992508e-01	
   2.2622966409176029e-01	
   2.2578710205992508e-01	
   2.2575052668539325e-01	
   2.3713644077715357e-01	
   2.5226035814606740e-01	
   2.6702583684456926e-01	
   2.7987476591760302e-01	
   2.8737637523408238e-01	
   2.8916856858614232e-01	
   2.8596456577715357e-01	
   2.7734009246254682e-01	
   2.6880340004681647e-01	
   2.5878540496254682e-01	
   2.4958669826779026e-01	
   2.4331402153558052e-01	
   2.3863968867041199e-01	
   2.3319727294007492e-01	
   2.2978844803370788e-01	
   2.2733789794007492e-01	
   2.2534454002808990e-01	
   2.2250994850187267e-01	
   2.2042149461610486e-01	
   2.1725040964419476e-01	
   2.1394765332397003e-01	
   2.0999385533707865e-01	
   2.0605468750000000e-01	
   2.0133646418539325e-01	
   1.9714126872659177e-01	
   1.9252911399812733e-01	
   1.8748171231273408e-01	
   1.8330114700374531e-01	
   1.7897428019662923e-01	
   1.7589463366104868e-01	
   1.7216760299625469e-01	
   1.6871854517790263e-01	
   1.6542676147003746e-01	
   1.6186797752808990e-01	
   1.5899681062734083e-01	
   1.5658649344569289e-01	
   1.5623536985018727e-01	
   2.2711478815543071e-01	
   2.2922884480337077e-01	
   2.2892526919475656e-01	
   2.2900573501872659e-01	
   2.2983965355805244e-01	
   2.2784995318352061e-01	
   2.2871313202247190e-01	
   2.2667954119850187e-01	
   2.2761221324906367e-01	
   2.2848270716292135e-01	
   2.2891063904494383e-01	
   2.3891766151685392e-01	
   2.5596910112359550e-01	
   2.6954588014981273e-01	
   2.8115856156367042e-01	
   2.8729956694756553e-01	
   2.8883939021535582e-01	
   2.8560246956928836e-01	
   2.7683535229400746e-01	
   2.6788535814606740e-01	
   2.5790759597378277e-01	
   2.4940016385767791e-01	
   2.4322989817415730e-01	
   2.3864700374531836e-01	
   2.3332894428838952e-01	
   2.3004081811797752e-01	
   2.2755735018726592e-01	
   2.2523481390449437e-01	
   2.2347188085205993e-01	
   2.2073970037453183e-01	
   2.1812090355805244e-01	
   2.1477791432584270e-01	
   2.1046567766853932e-01	
   2.0590838600187267e-01	
   2.0105849133895132e-01	
   1.9657069288389514e-01	
   1.9192196278089887e-01	
   1.8723299976591759e-01	
   1.8332309222846441e-01	
   1.7924128043071161e-01	
   1.7578856507490637e-01	
   1.7232121956928839e-01	
   1.6889776451310862e-01	
   1.6559500819288389e-01	
   1.6278601942883894e-01	
   1.6043788038389514e-01	
   1.5854327598314608e-01	
   1.5780079588014981e-01	
   2.1710045060861424e-01	
   2.2122981039325842e-01	
   2.2312807233146068e-01	
   2.2436431999063669e-01	
   2.2617114349250936e-01	
   2.2613456811797752e-01	
   2.2651495201310862e-01	
   2.2701603464419476e-01	
   2.2741104868913858e-01	
   2.2916666666666666e-01	
   2.3219145014044945e-01	
   2.4112315660112360e-01	
   2.5736628043071164e-01	
   2.7095403206928836e-01	
   2.8008690308988765e-01	
   2.8564636001872662e-01	
   2.8785551264044945e-01	
   2.8405898876404495e-01	
   2.7659395482209737e-01	
   2.6736964536516855e-01	
   2.5776495201310862e-01	
   2.4960132841760299e-01	
   2.4297021301498128e-01	
   2.3762289325842698e-01	
   2.3296319054307116e-01	
   2.3029318820224720e-01	
   2.2790481624531836e-01	
   2.2564080056179775e-01	
   2.2383397705992508e-01	
   2.2128833099250936e-01	
   2.1878657537453183e-01	
   2.1533751755617977e-01	
   2.1076193820224720e-01	
   2.0614246839887640e-01	
   2.0119016268726592e-01	
   1.9622688436329588e-01	
   1.9167690777153559e-01	
   1.8711595856741572e-01	
   1.8273057116104868e-01	
   1.7938392439138576e-01	
   1.7575930477528090e-01	
   1.7264308286516855e-01	
   1.6896360018726592e-01	
   1.6632285814606743e-01	
   1.6382476006554308e-01	
   1.6177288155430711e-01	
   1.5985998946629212e-01	
   1.5990387991573032e-01	
   2.0714463366104868e-01	
   2.1109843164794007e-01	
   2.1480717462546817e-01	
   2.1754667017790263e-01	
   2.2127370084269662e-01	
   2.2226123595505617e-01	
   2.2326340121722846e-01	
   2.2637230805243447e-01	
   2.2666491104868913e-01	
   2.2972261235955055e-01	
   2.3331431413857678e-01	
   2.4460147471910113e-01	
   2.5697126638576778e-01	
   2.7031762055243447e-01	
   2.7777168188202245e-01	
   2.8347744030898875e-01	
   2.8523305828651685e-01	
   2.8118050678838952e-01	
   2.7401539091760302e-01	
   2.6602732911985016e-01	
   2.5747600655430714e-01	
   2.4951720505617977e-01	
   2.4309822682584270e-01	
   2.3739612593632958e-01	
   2.3392146535580524e-01	
   2.3104298338014981e-01	
   2.2856317298689138e-01	
   2.2645277387640450e-01	
   2.2422899110486891e-01	
   2.2128101591760299e-01	
   2.1867319171348315e-01	
   2.1511075023408241e-01	
   2.1089360955056180e-01	
   2.0605102996254682e-01	
   2.0097071044007492e-01	
   1.9560510299625469e-01	
   1.9076252340823971e-01	
   1.8642468398876405e-01	
   1.8237579002808990e-01	
   1.7928882841760299e-01	
   1.7572272940074907e-01	
   1.7281498712546817e-01	
   1.6961464185393257e-01	
   1.6692269428838952e-01	
   1.6482692532771537e-01	
   1.6274212897940074e-01	
   1.6202525163857678e-01	
   1.6244221090823971e-01	
   1.9733511821161048e-01	
   2.0085001170411984e-01	
   2.0518785112359550e-01	
   2.0956592345505617e-01	
   2.1473768141385768e-01	
   2.1768565660112360e-01	
   2.1990578183520598e-01	
   2.2232707162921347e-01	
   2.2454719686329588e-01	
   2.2759758309925093e-01	
   2.3334723197565543e-01	
   2.4322624063670412e-01	
   2.5433418188202245e-01	
   2.6829134480337080e-01	
   2.7485662453183518e-01	
   2.7983819054307119e-01	
   2.8085864349250939e-01	
   2.7742055828651685e-01	
   2.7146242977528090e-01	
   2.6442898525280900e-01	
   2.5736993796816482e-01	
   2.4940747893258428e-01	
   2.4264469218164794e-01	
   2.3782771535580524e-01	
   2.3411531484082396e-01	
   2.3170134012172286e-01	
   2.2934222846441948e-01	
   2.2671611657303370e-01	
   2.2405342930711611e-01	
   2.2114568703183521e-01	
   2.1851591760299627e-01	
   2.1505588717228463e-01	
   2.1096310276217228e-01	
   2.0579500234082396e-01	
   2.0046962780898878e-01	
   1.9565630852059926e-01	
   1.9053209854868913e-01	
   1.8597480688202248e-01	
   1.8205392673220974e-01	
   1.7875482794943820e-01	
   1.7565689372659177e-01	
   1.7289545294943820e-01	
   1.7018156015917604e-01	
   1.6811505149812733e-01	
   1.6603391268726592e-01	
   1.6504272003745318e-01	
   1.6423074672284643e-01	
   1.6504272003745318e-01	
   1.8714887640449437e-01	
   1.9092711259363296e-01	
   1.9544051381086142e-01	
   1.9982590121722846e-01	
   2.0608394779962547e-01	
   2.1005603347378277e-01	
   2.1319054307116106e-01	
   2.1899871254681649e-01	
   2.1957660346441948e-01	
   2.2212956460674158e-01	
   2.2977747542134833e-01	
   2.4003686797752810e-01	
   2.5071687734082398e-01	
   2.6132739349250939e-01	
   2.7063948384831460e-01	
   2.7501755617977530e-01	
   2.7542354283707865e-01	
   2.7295104751872662e-01	
   2.6827305711610488e-01	
   2.6249414794007492e-01	
   2.5577890917602997e-01	
   2.4921362944756553e-01	
   2.4238866455992508e-01	
   2.3799230454119849e-01	
   2.3474441128277154e-01	
   2.3197931296816479e-01	
   2.2972261235955055e-01	
   2.2705626755617977e-01	
   2.2447038857677903e-01	
   2.2110911165730338e-01	
   2.1809164325842698e-01	
   2.1474865402621723e-01	
   2.1061563670411984e-01	
   2.0564138576779026e-01	
   2.0031966877340823e-01	
   1.9497966409176029e-01	
   1.9005296114232209e-01	
   1.8582119030898878e-01	
   1.8186373478464418e-01	
   1.7880603347378277e-01	
   1.7571175678838952e-01	
   1.7308198735955055e-01	
   1.7077042368913858e-01	
   1.6879901100187267e-01	
   1.6792851708801498e-01	
   1.6749327013108614e-01	
   1.6687880383895132e-01	
   1.6792120201310862e-01	
   1.7876945809925093e-01	
   1.8090545997191010e-01	
   1.8512991573033707e-01	
   1.9001272823033707e-01	
   1.9616836376404495e-01	
   2.0152299859550563e-01	
   2.0496108380149813e-01	
   2.0842842930711611e-01	
   2.1594832631086142e-01	
   2.1650792954119849e-01	
   2.2391810042134833e-01	
   2.3404947916666666e-01	
   2.4431618679775280e-01	
   2.5418422284644193e-01	
   2.6328417602996257e-01	
   2.6923498946629215e-01	
   2.7063582631086142e-01	
   2.6774271418539325e-01	
   2.6497761587078650e-01	
   2.5983511821161048e-01	
   2.5420251053370785e-01	
   2.4777987476591759e-01	
   2.4254228113295881e-01	
   2.3811300327715357e-01	
   2.3462371254681649e-01	
   2.3237798455056180e-01	
   2.3000790028089887e-01	
   2.2745859667602997e-01	
   2.2419607326779026e-01	
   2.2075798806179775e-01	
   2.1749180711610486e-01	
   2.1425488647003746e-01	
   2.1011821161048688e-01	
   2.0485501521535582e-01	
   1.9961010650749064e-01	
   1.9446395131086142e-01	
   1.8978961844569289e-01	
   1.8559808052434457e-01	
   1.8160039208801498e-01	
   1.7852806062734083e-01	
   1.7604093515917604e-01	
   1.7337093281835206e-01	
   1.7099353347378277e-01	
   1.7011572448501872e-01	
   1.7001697097378277e-01	
   1.6938787453183521e-01	
   1.7047050561797752e-01	
   1.7070093047752810e-01	
   1.7034980688202248e-01	
   1.7212371254681649e-01	
   1.7475713951310862e-01	
   1.7918275983146068e-01	
   1.8567123127340823e-01	
   1.9145379798689138e-01	
   1.9570751404494383e-01	
   1.9965033941947566e-01	
   2.0464287804307116e-01	
   2.0989144428838952e-01	
   2.1760519077715357e-01	
   2.2566640332397003e-01	
   2.3483950725655431e-01	
   2.4553048923220974e-01	
   2.5521564840823968e-01	
   2.6160170880149813e-01	
   2.6431194405430714e-01	
   2.6280503862359550e-01	
   2.6089580407303370e-01	
   2.5641897823033710e-01	
   2.5178122073970038e-01	
   2.4715077832397003e-01	
   2.4160595154494383e-01	
   2.3775822214419476e-01	
   2.3472246605805244e-01	
   2.3235238178838952e-01	
   2.3027855805243447e-01	
   2.2760489817415730e-01	
   2.2433140215355804e-01	
   2.2072141268726592e-01	
   2.1662862827715357e-01	
   2.1365139279026218e-01	
   2.0935378628277154e-01	
   2.0430272705992508e-01	
   1.9899929775280900e-01	
   1.9392263576779026e-01	
   1.8915320692883894e-01	
   1.8532742275280900e-01	
   1.8179789911048688e-01	
   1.7897428019662923e-01	
   1.7619820926966293e-01	
   1.7398174157303370e-01	
   1.7296494616104868e-01	
   1.7185671231273408e-01	
   1.7206884948501872e-01	
   1.7307832982209737e-01	
   1.7323194639513109e-01	
   1.7410975538389514e-01	
   1.6343340355805244e-01	
   1.6357238998127341e-01	
   1.6612169358614232e-01	
   1.6888313436329588e-01	
   1.7446819405430711e-01	
   1.7971676029962547e-01	
   1.8531279260299627e-01	
   1.8910931647940074e-01	
   1.9255837429775280e-01	
   2.0104386118913858e-01	
   2.0796757958801498e-01	
   2.1519853113295881e-01	
   2.2383763459737827e-01	
   2.3458347963483145e-01	
   2.4527080407303370e-01	
   2.5140449438202245e-01	
   2.5545338834269665e-01	
   2.5621415613295878e-01	
   2.5506203183520598e-01	
   2.5163857677902624e-01	
   2.4832850538389514e-01	
   2.4433813202247190e-01	
   2.4015025163857678e-01	
   2.3627691947565543e-01	
   2.3427990402621723e-01	
   2.3173060042134833e-01	
   2.2928370786516855e-01	
   2.2685510299625469e-01	
   2.2344262055243447e-01	
   2.1972656250000000e-01	
   2.1647135416666666e-01	
   2.1278455641385768e-01	
   2.0800415496254682e-01	
   2.0343223314606743e-01	
   1.9850918773408241e-01	
   1.9358614232209737e-01	
   1.8951164559925093e-01	
   1.8574803955992508e-01	
   1.8238310510299627e-01	
   1.7940952715355804e-01	
   1.7738325140449437e-01	
   1.7627501755617977e-01	
   1.7508266034644196e-01	
   1.7480834503745318e-01	
   1.7541183871722846e-01	
   1.7601167485955055e-01	
   1.7726621020599251e-01	
   1.7764659410112360e-01	
   1.5566479400749064e-01	
   1.5661941128277154e-01	
   1.5842257724719100e-01	
   1.6077071629213482e-01	
   1.6349923923220974e-01	
   1.6882827130149813e-01	
   1.7361233029026218e-01	
   1.7930711610486891e-01	
   1.8176132373595505e-01	
   1.8954090589887640e-01	
   1.9644267907303370e-01	
   2.0364802785580524e-01	
   2.1188480220037453e-01	
   2.2128101591760299e-01	
   2.3159527153558052e-01	
   2.3919197682584270e-01	
   2.4341277504681649e-01	
   2.4662775046816479e-01	
   2.4628394194756553e-01	
   2.4463805009363296e-01	
   2.4241792485955055e-01	
   2.3966379915730338e-01	
   2.3709620786516855e-01	
   2.3412994499063669e-01	
   2.3196102528089887e-01	
   2.3023466760299627e-01	
   2.2816815894194756e-01	
   2.2643082865168540e-01	
   2.2306955173220974e-01	
   2.1954368562734083e-01	
   2.1603976474719100e-01	
   2.1225421348314608e-01	
   2.0730922284644196e-01	
   2.0285068469101122e-01	
   1.9842872191011235e-01	
   1.9436154026217228e-01	
   1.8971646769662923e-01	
   1.8592360135767791e-01	
   1.8356814723782772e-01	
   1.8132973431647939e-01	
   1.7993621254681649e-01	
   1.7908766385767791e-01	
   1.7894136235955055e-01	
   1.7861949906367042e-01	
   1.7946073267790263e-01	
   1.7950096558988765e-01	
   1.8147603581460675e-01	
   1.8126024110486891e-01	
   1.5069054307116106e-01	
   1.5074174859550563e-01	
   1.5183900983146068e-01	
   1.5280459971910113e-01	
   1.5555141034644196e-01	
   1.5846646769662923e-01	
   1.6229590941011235e-01	
   1.6732868094569289e-01	
   1.7026202598314608e-01	
   1.7684193586142322e-01	
   1.8493972378277154e-01	
   1.9130749648876405e-01	
   1.9929921582397003e-01	
   2.0687763342696630e-01	
   2.1564109316479402e-01	
   2.2535551264044945e-01	
   2.3160990168539325e-01	
   2.3545763108614232e-01	
   2.3754242743445692e-01	
   2.3759363295880151e-01	
   2.3677068703183521e-01	
   2.3477732911985019e-01	
   2.3294124531835206e-01	
   2.3145628511235955e-01	
   2.3058213366104868e-01	
   2.2919592696629212e-01	
   2.2739641853932585e-01	
   2.2449233380149813e-01	
   2.2203446863295881e-01	
   2.1866953417602997e-01	
   2.1474133895131087e-01	
   2.1041447214419476e-01	
   2.0660331811797752e-01	
   2.0204968398876405e-01	
   1.9781791315543071e-01	
   1.9326062148876405e-01	
   1.8964697448501872e-01	
   1.8740490402621723e-01	
   1.8562002574906367e-01	
   1.8361935276217228e-01	
   1.8311461259363296e-01	
   1.8248551615168540e-01	
   1.8261352996254682e-01	
   1.8302317415730338e-01	
   1.8344013342696630e-01	
   1.8427039442883894e-01	
   1.8555419007490637e-01	
   1.8555784761235955e-01	
   1.4602352528089887e-01	
   1.4554073033707865e-01	
   1.4638927902621723e-01	
   1.4712444405430711e-01	
   1.4867158239700373e-01	
   1.5021506320224720e-01	
   1.5286677785580524e-01	
   1.5675839770599251e-01	
   1.5938085205992508e-01	
   1.6263971793071161e-01	
   1.7177624648876405e-01	
   1.7799771769662923e-01	
   1.8487754564606743e-01	
   1.9270833333333334e-01	
   2.0254710908239701e-01	
   2.1100699321161048e-01	
   2.1852323267790263e-01	
   2.2400953885767791e-01	
   2.2710015800561797e-01	
   2.2917763927902621e-01	
   2.3042485955056180e-01	
   2.3040657186329588e-01	
   2.3004813319288389e-01	
   2.2935685861423222e-01	
   2.2839126872659177e-01	
   2.2667222612359550e-01	
   2.2476299157303370e-01	
   2.2205641385767791e-01	
   2.1934617860486891e-01	
   2.1607634012172286e-01	
   2.1123010299625469e-01	
   2.0753233263108614e-01	
   2.0397354868913858e-01	
   1.9987710674157302e-01	
   1.9636221324906367e-01	
   1.9432496488764045e-01	
   1.9184515449438203e-01	
   1.9007490636704119e-01	
   1.8915686446629212e-01	
   1.8865578183520598e-01	
   1.8799011001872659e-01	
   1.8773042485955055e-01	
   1.8822784995318351e-01	
   1.8852045294943820e-01	
   1.8974938553370788e-01	
   1.9127457865168540e-01	
   1.9326793656367042e-01	
   1.9466877340823971e-01	
   1.4294753628277154e-01	
   1.4123946629213482e-01	
   1.4153572682584270e-01	
   1.4212459035580524e-01	
   1.4244645365168540e-01	
   1.4351445458801498e-01	
   1.4538345622659177e-01	
   1.4794007490636704e-01	
   1.4997732326779026e-01	
   1.5103435159176029e-01	
   1.5543436914794007e-01	
   1.6476108965355804e-01	
   1.7003891619850187e-01	
   1.7828666315543071e-01	
   1.8703549274344569e-01	
   1.9719613178838952e-01	
   2.0538170060861424e-01	
   2.1186285697565543e-01	
   2.1670177902621723e-01	
   2.2049098782771537e-01	
   2.2370962078651685e-01	
   2.2474104634831460e-01	
   2.2541037570224720e-01	
   2.2696482911985019e-01	
   2.2677463717228463e-01	
   2.2559325257490637e-01	
   2.2442649812734083e-01	
   2.2177112593632958e-01	
   2.1770760182584270e-01	
   2.1219203534644196e-01	
   2.0815777153558052e-01	
   2.0492450842696630e-01	
   2.0211186212546817e-01	
   1.9959913389513109e-01	
   1.9758748829588016e-01	
   1.9578432233146068e-01	
   1.9448223899812733e-01	
   1.9365929307116106e-01	
   1.9301922401685392e-01	
   1.9369952598314608e-01	
   1.9532713014981273e-01	
   1.9722904962546817e-01	
   2.0027212078651685e-01	
   2.0099997073970038e-01	
   2.0115724485018727e-01	
   2.0333713717228463e-01	
   2.0553897471910113e-01	
   2.0856375819288389e-01	
   1.4194902855805244e-01	
   1.3972890332397003e-01	
   1.3789647705992508e-01	
   1.3776480571161048e-01	
   1.3769531250000000e-01	
   1.3845242275280900e-01	
   1.3943995786516855e-01	
   1.4125409644194756e-01	
   1.4275002926029962e-01	
   1.4329865987827714e-01	
   1.4482019545880151e-01	
   1.5079661165730338e-01	
   1.5810071395131087e-01	
   1.6531703534644196e-01	
   1.7352820692883894e-01	
   1.8227337897940074e-01	
   1.9124897588951312e-01	
   1.9897003745318351e-01	
   2.0608029026217228e-01	
   2.1175313085205993e-01	
   2.1583494264981273e-01	
   2.1921450725655431e-01	
   2.2163213951310862e-01	
   2.2417778558052434e-01	
   2.2582367743445692e-01	
   2.2486540262172286e-01	
   2.2250263342696630e-01	
   2.1989115168539325e-01	
   2.1524973665730338e-01	
   2.1035960908239701e-01	
   2.0499400163857678e-01	
   2.0261660229400749e-01	
   2.0109140917602997e-01	
   1.9947112008426968e-01	
   1.9809222846441948e-01	
   1.9746678955992508e-01	
   1.9649388459737827e-01	
   1.9854210557116106e-01	
   2.0073662804307116e-01	
   2.0399183637640450e-01	
   2.0698004447565543e-01	
   2.1052785580524344e-01	
   2.1626287453183521e-01	
   2.1870976708801498e-01	
   2.1665788857677903e-01	
   2.2086771418539325e-01	
   2.2430579939138576e-01	
   2.2697214419475656e-01	
