   5.2956099866548045e-01	
   5.4307300934163705e-01	
   5.5136510231316727e-01	
   5.5791258896797158e-01	
   5.6560692838078297e-01	
   5.7141069839857650e-01	
   5.7919539590747326e-01	
   5.8110681717081847e-01	
   5.9042065169039148e-01	
   5.9008702179715300e-01	
   5.9436860542704628e-01	
   5.9766320062277578e-01	
   5.9908112766903909e-01	
   5.9403497553380780e-01	
   5.9823315169039148e-01	
   5.9927574510676151e-01	
   6.1037588967971534e-01	
   6.1369133674377219e-01	
   6.1564446174377219e-01	
   6.0367548932384341e-01	
   5.8132228647686834e-01	
   5.7345418149466187e-01	
   5.7225867437722422e-01	
   5.7401718193950180e-01	
   5.9014262677935947e-01	
   6.1681216637010672e-01	
   6.5634035809608537e-01	
   6.6941447953736655e-01	
   6.7160392571174377e-01	
   6.7373081628113884e-01	
   6.7537116325622781e-01	
   6.7749110320284700e-01	
   6.7968750000000000e-01	
   6.8092471085409256e-01	
   6.8136260008896798e-01	
   6.8200900800711739e-01	
   6.8353814501779364e-01	
   6.8362155249110323e-01	
   6.8226618104982206e-01	
   6.8074399466192170e-01	
   6.8054242660142350e-01	
   6.7821396797153022e-01	
   6.6160197953736655e-01	
   6.6472280916370108e-01	
   6.6491742660142350e-01	
   6.5283724421708189e-01	
   6.4729064724199292e-01	
   6.3890819617437722e-01	
   5.0414952179715300e-01	
   5.2156778247330959e-01	
   5.3737349866548045e-01	
   5.4543622108540923e-01	
   5.4912700177935947e-01	
   5.5178213967971534e-01	
   5.5538951290035588e-01	
   5.6282667927046259e-01	
   5.7151495774021355e-01	
   5.7491381227758009e-01	
   5.7692254225978645e-01	
   5.8954487322064053e-01	
   5.9124777580071175e-01	
   5.8616687055160144e-01	
   5.9613406361209964e-01	
   5.9728091637010672e-01	
   6.0927769128113884e-01	
   6.0756783807829184e-01	
   5.9599505115658358e-01	
   5.6099866548042709e-01	
   5.2632895907473309e-01	
   4.9585742882562278e-01	
   4.8685637233096085e-01	
   4.8970612766903915e-01	
   5.1761287811387902e-01	
   5.5429826512455516e-01	
   6.0050600533807830e-01	
   6.5077985987544484e-01	
   6.6522325400355875e-01	
   6.6809386120996439e-01	
   6.6299210409252674e-01	
   6.6228314056939497e-01	
   6.6752391014234880e-01	
   6.7690725088967973e-01	
   6.8114018016014233e-01	
   6.8089690836298933e-01	
   6.8302379893238430e-01	
   6.8316281138790036e-01	
   6.8129309386120995e-01	
   6.7987516681494664e-01	
   6.8004198176156583e-01	
   6.7774827624555156e-01	
   6.5972531138790036e-01	
   6.6270017793594305e-01	
   6.6163673265124556e-01	
   6.5021685943060503e-01	
   6.4453125000000000e-01	
   6.3591247775800708e-01	
   4.7594389457295372e-01	
   4.8372859208185054e-01	
   5.0219639679715300e-01	
   5.1684830960854089e-01	
   5.2620384786476870e-01	
   5.2916481316725983e-01	
   5.2506394572953741e-01	
   5.1894739768683273e-01	
   5.3583741103202842e-01	
   5.3208407473309605e-01	
   5.3911115435943058e-01	
   5.5759981094306055e-01	
   5.5938612099644125e-01	
   5.6304909919928825e-01	
   5.7904943282918153e-01	
   5.8919039145907470e-01	
   5.9320785142348753e-01	
   5.7643599866548045e-01	
   5.4259341637010672e-01	
   5.0757617882562278e-01	
   4.6148659919928825e-01	
   4.2311916147686834e-01	
   3.9934803158362991e-01	
   3.8597503336298933e-01	
   4.1657862544483987e-01	
   4.7854342749110318e-01	
   5.4307300934163705e-01	
   5.9984569617437722e-01	
   6.3988823398576511e-01	
   6.3989518460854089e-01	
   6.3537727980427050e-01	
   6.3070646129893237e-01	
   6.2912866992882566e-01	
   6.4120885231316727e-01	
   6.5793205071174377e-01	
   6.5302491103202842e-01	
   6.6629364991103202e-01	
   6.7837383229537362e-01	
   6.7577429937722422e-01	
   6.7128419706405695e-01	
   6.6905304715302494e-01	
   6.6833713300711739e-01	
   6.5256616992882566e-01	
   6.5674349421708189e-01	
   6.5415786254448394e-01	
   6.4540702846975084e-01	
   6.3791425711743777e-01	
   6.3064390569395012e-01	
   4.4152441058718861e-01	
   4.4858624332740216e-01	
   4.6159085854092524e-01	
   4.8155304715302494e-01	
   4.9917287588967973e-01	
   5.0346141014234880e-01	
   4.9480093416370108e-01	
   4.7771630338078291e-01	
   4.8666175489323843e-01	
   4.8313083852313166e-01	
   4.7699343861209964e-01	
   4.9337605649466193e-01	
   5.0517126334519569e-01	
   5.1715413701067614e-01	
   5.3485042259786475e-01	
   5.3872887010676151e-01	
   5.3797125222419928e-01	
   5.2505004448398573e-01	
   5.0373943505338081e-01	
   4.6658835631672596e-01	
   4.2473865658362991e-01	
   3.7459686387900354e-01	
   3.3376890569395018e-01	
   3.1254170373665480e-01	
   3.2090330293594305e-01	
   3.9350255782918148e-01	
   4.5883146129893237e-01	
   5.2760092304270467e-01	
   5.7594250444839856e-01	
   5.8210770685053381e-01	
   5.7578264012455516e-01	
   5.7860459297153022e-01	
   5.8591664813167255e-01	
   6.0626112099644125e-01	
   6.1157834741992878e-01	
   6.2110765124555156e-01	
   6.2936499110320288e-01	
   6.4426712633451955e-01	
   6.5048793371886116e-01	
   6.4596307829181498e-01	
   6.4214718638790036e-01	
   6.4021491325622781e-01	
   6.3076206628113884e-01	
   6.4166759341637014e-01	
   6.4259897686832745e-01	
   6.3761538033807830e-01	
   6.3060915258007122e-01	
   6.2726590302491103e-01	
   4.0799460631672596e-01	
   4.1869856539145905e-01	
   4.2776912811387902e-01	
   4.3923070507117440e-01	
   4.5217971530249113e-01	
   4.5900522686832740e-01	
   4.5926239991103202e-01	
   4.4837077402135234e-01	
   4.5547431049822062e-01	
   4.4986515791814946e-01	
   4.3711771574733094e-01	
   4.3146685943060498e-01	
   4.3957823620996439e-01	
   4.6762399911032027e-01	
   4.7048070507117440e-01	
   4.6318950177935941e-01	
   4.7255199065836301e-01	
   4.6746413478647686e-01	
   4.5292343193950180e-01	
   4.3212716859430605e-01	
   3.9111154359430605e-01	
   3.2859069172597866e-01	
   2.8510759564056942e-01	
   2.5935553825622776e-01	
   2.5387844750889682e-01	
   3.0379782028469748e-01	
   3.8930438167259784e-01	
   4.4751584741992884e-01	
   4.7104370551601421e-01	
   4.6218861209964412e-01	
   4.4296318950177938e-01	
   4.3840358096085408e-01	
   4.6335631672597866e-01	
   4.8844806494661924e-01	
   5.2137316503558717e-01	
   5.3931272241992878e-01	
   5.5689779804270467e-01	
   5.6453653247330959e-01	
   5.8563167259786475e-01	
   5.9489685275800708e-01	
   5.9516792704626331e-01	
   5.9267265346975084e-01	
   5.8450567170818502e-01	
   6.0088828959074736e-01	
   6.1818143905693945e-01	
   6.2440919706405695e-01	
   6.2236571396797158e-01	
   6.2354731983985767e-01	
   3.8499499555160144e-01	
   3.9458685498220641e-01	
   4.0148882339857650e-01	
   4.0391459074733094e-01	
   4.0748721085409251e-01	
   4.1929631895017794e-01	
   4.2117298709964412e-01	
   4.1233179492882560e-01	
   4.0524911032028471e-01	
   3.9386399021352314e-01	
   4.0163478647686834e-01	
   4.0720223532028471e-01	
   3.9911866103202848e-01	
   4.0109958852313166e-01	
   4.0568004893238435e-01	
   4.2327207517793597e-01	
   4.3211326734875444e-01	
   4.1998443060498220e-01	
   4.0997553380782920e-01	
   3.9338439724199287e-01	
   3.5373804492882560e-01	
   3.0179604092526691e-01	
   2.6050934163701067e-01	
   2.3364518460854092e-01	
   2.2143989101423486e-01	
   2.3993549822064056e-01	
   3.0304020240213525e-01	
   3.5700483763345198e-01	
   3.6950205738434166e-01	
   3.6212744661921709e-01	
   3.4208185053380785e-01	
   3.3430410364768681e-01	
   3.5496830516014233e-01	
   3.8567615658362991e-01	
   3.9818727758007116e-01	
   4.1523020462633453e-01	
   4.5124833185053381e-01	
   4.6583073843416373e-01	
   4.9906861654804269e-01	
   5.3955599421708189e-01	
   5.5616103202846978e-01	
   5.5108707740213525e-01	
   5.2592582295373669e-01	
   5.3980621663701067e-01	
   5.6622553380782914e-01	
   5.9795512677935947e-01	
   6.0849922153024916e-01	
   6.1366353425266906e-01	
   3.7039173709964412e-01	
   3.7528497553380785e-01	
   3.7728675489323843e-01	
   3.8384814279359430e-01	
   3.8776134341637009e-01	
   3.8733735542704628e-01	
   3.8209658585409251e-01	
   3.6399021352313166e-01	
   3.4329820951957296e-01	
   3.4164396129893237e-01	
   3.5634452846975090e-01	
   3.7000945284697506e-01	
   3.6828569839857650e-01	
   3.6954376112099646e-01	
   3.7444395017793597e-01	
   3.8770573843416373e-01	
   3.9578931272241991e-01	
   3.9235570507117440e-01	
   3.8036588078291816e-01	
   3.5455821841637009e-01	
   3.3018933496441283e-01	
   2.9470640569395018e-01	
   2.5205738434163699e-01	
   2.2017487766903915e-01	
   2.0236043149466193e-01	
   2.1330766236654805e-01	
   2.5308607651245552e-01	
   2.9916175489323843e-01	
   3.1696229982206403e-01	
   3.0366575845195731e-01	
   2.8096502446619215e-01	
   2.7332629003558717e-01	
   2.8512844750889682e-01	
   3.1501612544483987e-01	
   3.3283752224199287e-01	
   3.4245023354092524e-01	
   3.6172431049822062e-01	
   3.9754782028469748e-01	
   4.2013039368327404e-01	
   4.4389457295373663e-01	
   4.6891681494661924e-01	
   4.7032779137010677e-01	
   4.4482595640569395e-01	
   4.4015513790035588e-01	
   4.6417649021352314e-01	
   5.1018266236654808e-01	
   5.7963328514234880e-01	
   5.9642598976868333e-01	
   3.5169456183274023e-01	
   3.5954181494661924e-01	
   3.6670095640569395e-01	
   3.7568116103202848e-01	
   3.7677935943060498e-01	
   3.6230816281138789e-01	
   3.4041370106761565e-01	
   3.2268961298932386e-01	
   3.1909614101423489e-01	
   3.1620468193950180e-01	
   3.1998582072953735e-01	
   3.2429520685053381e-01	
   3.2893127224199287e-01	
   3.4230427046263345e-01	
   3.5646268905693951e-01	
   3.8169344973309610e-01	
   3.7897575622775803e-01	
   3.6832740213523130e-01	
   3.4851117660142350e-01	
   3.3168371886120995e-01	
   3.1528719973309610e-01	
   2.9178019350533807e-01	
   2.5520601645907476e-01	
   2.1940335854092527e-01	
   2.0951262233096085e-01	
   2.1455877446619218e-01	
   2.2980844083629892e-01	
   2.6525661699288255e-01	
   2.8061749332740216e-01	
   2.5651968416370108e-01	
   2.3512566725978648e-01	
   2.2627057384341637e-01	
   2.3367993772241993e-01	
   2.6709158140569395e-01	
   2.8944478425266906e-01	
   2.8879837633451955e-01	
   2.8934747553380785e-01	
   3.1258340747330959e-01	
   3.4839996663701067e-01	
   3.6820924154804269e-01	
   3.7481233318505336e-01	
   3.7562555604982206e-01	
   3.6096669261565834e-01	
   3.5589968861209964e-01	
   3.6102924822064059e-01	
   4.1419456183274023e-01	
   4.9628836743772242e-01	
   5.6646880560498225e-01	
   3.4876834964412812e-01	
   3.5751223309608543e-01	
   3.6506060943060498e-01	
   3.6758368549822062e-01	
   3.5852007339857650e-01	
   3.4006616992882560e-01	
   3.0625834074733094e-01	
   2.9856400133451955e-01	
   2.9365686165480426e-01	
   2.9209297153024910e-01	
   2.9722253113879005e-01	
   3.0501417927046265e-01	
   3.1204125889679718e-01	
   3.2116047597864766e-01	
   3.3871079848754448e-01	
   3.5587188612099646e-01	
   3.5648354092526691e-01	
   3.4182467749110318e-01	
   3.3123192838078291e-01	
   3.2224477313167260e-01	
   3.0338773354092524e-01	
   2.8153497553380785e-01	
   2.5043093861209964e-01	
   2.2476228870106763e-01	
   2.1525383674377224e-01	
   2.2128002669039146e-01	
   2.3173376334519574e-01	
   2.4441169928825623e-01	
   2.5571341192170821e-01	
   2.3536198843416370e-01	
   2.1631728202846975e-01	
   2.0881756005338079e-01	
   2.1763094973309607e-01	
   2.3468082740213522e-01	
   2.5009730871886121e-01	
   2.4191642571174377e-01	
   2.4293121663701067e-01	
   2.5433718861209964e-01	
   2.7310387010676157e-01	
   3.0819061387900354e-01	
   3.1750444839857650e-01	
   3.1169372775800713e-01	
   2.9873081628113879e-01	
   2.8068699955516013e-01	
   2.8206322286476870e-01	
   3.3415118994661924e-01	
   4.0330988656583627e-01	
   5.0460826290035588e-01	
   3.5380755115658363e-01	
   3.6475478202846973e-01	
   3.6417092971530252e-01	
   3.5450956405693951e-01	
   3.3745968638790036e-01	
   3.0820451512455516e-01	
   2.7492493327402134e-01	
   2.6481872775800713e-01	
   2.6739740880782920e-01	
   2.7165814056939502e-01	
   2.7669734208185054e-01	
   2.8181300044483987e-01	
   2.9194005782918148e-01	
   3.0723142793594305e-01	
   3.2681133229537368e-01	
   3.3637538923487542e-01	
   3.3447091859430605e-01	
   3.3274716414590749e-01	
   3.2559497330960852e-01	
   3.0714106983985767e-01	
   2.8838133896797152e-01	
   2.6981622553380785e-01	
   2.4755338078291814e-01	
   2.2621496886120995e-01	
   2.2101590302491103e-01	
   2.2958602090747332e-01	
   2.3906667037366547e-01	
   2.4177741325622776e-01	
   2.4622581183274023e-01	
   2.2963467526690393e-01	
   2.1147269795373666e-01	
   2.0933885676156583e-01	
   2.1853453069395018e-01	
   2.2440780693950177e-01	
   2.3167815836298933e-01	
   2.2935665035587188e-01	
   2.2832795818505339e-01	
   2.3512566725978648e-01	
   2.4550294706405695e-01	
   2.5670735097864766e-01	
   2.6912116325622776e-01	
   2.6057189724199287e-01	
   2.4722670151245552e-01	
   2.3626556939501780e-01	
   2.2890485987544484e-01	
   2.8022130782918148e-01	
   3.3536754893238435e-01	
   4.2913840080071175e-01	
   3.5484319395017794e-01	
   3.6207879225978645e-01	
   3.5379364991103202e-01	
   3.3650745106761565e-01	
   3.0650856316725977e-01	
   2.7034447286476870e-01	
   2.5051434608540923e-01	
   2.4639957740213522e-01	
   2.4811638122775800e-01	
   2.5169595195729538e-01	
   2.4979148131672599e-01	
   2.5804187055160144e-01	
   2.6702207517793597e-01	
   2.8548987989323843e-01	
   3.1081099866548045e-01	
   3.2503197286476870e-01	
   3.3054381672597866e-01	
   3.2629003558718861e-01	
   3.1389707517793597e-01	
   2.9753530916370108e-01	
   2.8263317393238435e-01	
   2.6463106094306049e-01	
   2.4867243104982206e-01	
   2.3251223309608540e-01	
   2.3067726868327401e-01	
   2.3723865658362989e-01	
   2.4516236654804271e-01	
   2.4513456405693951e-01	
   2.4533613211743771e-01	
   2.3107345418149466e-01	
   2.1680382562277581e-01	
   2.1446841637010677e-01	
   2.1805493772241993e-01	
   2.2314279359430605e-01	
   2.2555465969750890e-01	
   2.2582573398576514e-01	
   2.2813334074733096e-01	
   2.3269989991103202e-01	
   2.4069311610320285e-01	
   2.4338995774021352e-01	
   2.4047069617437722e-01	
   2.2888400800711745e-01	
   2.1356483540925267e-01	
   2.0249944395017794e-01	
   1.9424210409252668e-01	
   2.3783641014234874e-01	
   2.9663867882562278e-01	
   3.7796791592526691e-01	
   3.4967888122775803e-01	
   3.5240352535587188e-01	
   3.3534669706405695e-01	
   3.0685609430604982e-01	
   2.7390319172597866e-01	
   2.4887399911032029e-01	
   2.4035253558718861e-01	
   2.4062360987544484e-01	
   2.3378419706405695e-01	
   2.3947675711743771e-01	
   2.3144183718861211e-01	
   2.4576012010676157e-01	
   2.5604009119217080e-01	
   2.8619884341637009e-01	
   3.0798209519572955e-01	
   3.2232818060498220e-01	
   3.2758285142348753e-01	
   3.2423960186832740e-01	
   3.1637844750889682e-01	
   3.0073954626334520e-01	
   2.8530916370106763e-01	
   2.7085186832740216e-01	
   2.5385759564056942e-01	
   2.4354982206405695e-01	
   2.4482178603202848e-01	
   2.5121635898576511e-01	
   2.5393405249110318e-01	
   2.4967332072953738e-01	
   2.4339690836298933e-01	
   2.3026023131672599e-01	
   2.1756839412811388e-01	
   2.1482984875444841e-01	
   2.1944506227758007e-01	
   2.2359458407473309e-01	
   2.2511677046263345e-01	
   2.2734792037366547e-01	
   2.3099699733096085e-01	
   2.3475728425266904e-01	
   2.3701623665480426e-01	
   2.3428464190391460e-01	
   2.2551295596085411e-01	
   2.1405137900355872e-01	
   1.9981650355871886e-01	
   1.8916119884341637e-01	
   1.8112627891459074e-01	
   2.1300183496441280e-01	
   2.6536782695729538e-01	
   3.3631978425266906e-01	
   3.4001056494661924e-01	
   3.3719556272241991e-01	
   3.1618383007117440e-01	
   2.8388428603202848e-01	
   2.5943894572953735e-01	
   2.4252112989323843e-01	
   2.3894850978647686e-01	
   2.3804492882562278e-01	
   2.2759814279359430e-01	
   2.3383285142348753e-01	
   2.3228286254448399e-01	
   2.4284780916370108e-01	
   2.5401050934163699e-01	
   2.8755421485765126e-01	
   3.0833657695729538e-01	
   3.3046040925266906e-01	
   3.4000361432384341e-01	
   3.3385231316725977e-01	
   3.2142459964412812e-01	
   3.0423570951957296e-01	
   2.9295484875444838e-01	
   2.7865046708185054e-01	
   2.6411671485765126e-01	
   2.5849366103202848e-01	
   2.5865352535587188e-01	
   2.6212883674377224e-01	
   2.5993243994661924e-01	
   2.5054909919928825e-01	
   2.4117965969750890e-01	
   2.2818894572953738e-01	
   2.1751278914590746e-01	
   2.1542760231316727e-01	
   2.2066142126334520e-01	
   2.2522798042704625e-01	
   2.2800822953736655e-01	
   2.2852257562277581e-01	
   2.3139318282918150e-01	
   2.3286671485765126e-01	
   2.3303352980427047e-01	
   2.2773715524911031e-01	
   2.1713050489323843e-01	
   2.0319450622775800e-01	
   1.9071118772241993e-01	
   1.8070924154804271e-01	
   1.7489852090747332e-01	
   2.0431355649466193e-01	
   2.3955321396797152e-01	
   3.0974060275800713e-01	
   3.3330321396797152e-01	
   3.2690169039145905e-01	
   3.0462494439501780e-01	
   2.7267293149466193e-01	
   2.5439974421708184e-01	
   2.4312583407473309e-01	
   2.4031083185053381e-01	
   2.3627252001779359e-01	
   2.2480399243772242e-01	
   2.2713940169039146e-01	
   2.2442170818505339e-01	
   2.3586243327402134e-01	
   2.5879948843416373e-01	
   2.8496858318505336e-01	
   3.0872581183274023e-01	
   3.3151690391459077e-01	
   3.3830766236654802e-01	
   3.3108596530249113e-01	
   3.2002752446619215e-01	
   3.0804465080071175e-01	
   2.9831377891459077e-01	
   2.8445423709964412e-01	
   2.7200567170818507e-01	
   2.6586827179715300e-01	
   2.6572925934163699e-01	
   2.6627140791814946e-01	
   2.5850756227758009e-01	
   2.4776189946619218e-01	
   2.3808663256227758e-01	
   2.2687527802491103e-01	
   2.1539979982206406e-01	
   2.1643544261565836e-01	
   2.2151634786476868e-01	
   2.2749388345195729e-01	
   2.2996135453736655e-01	
   2.2830015569395018e-01	
   2.2950956405693951e-01	
   2.2973198398576514e-01	
   2.2739657473309607e-01	
   2.2084213745551601e-01	
   2.0845612766903915e-01	
   1.9507617882562278e-01	
   1.8362155249110321e-01	
   1.7503753336298933e-01	
   1.6969945507117437e-01	
   1.9415174599644128e-01	
   2.2437305382562278e-01	
   2.8962550044483987e-01	
   3.2566447953736655e-01	
   3.2196674822064059e-01	
   3.0109402802491103e-01	
   2.7196396797153027e-01	
   2.5651968416370108e-01	
   2.4392515569395018e-01	
   2.4497469973309607e-01	
   2.3322119661921709e-01	
   2.1929909919928825e-01	
   2.2713940169039146e-01	
   2.1782556717081850e-01	
   2.3656444617437722e-01	
   2.6477007339857650e-01	
   2.8815891903914592e-01	
   3.0710631672597866e-01	
   3.2370440391459077e-01	
   3.2875055604982206e-01	
   3.2881311165480426e-01	
   3.1940196841637009e-01	
   3.0944867660142350e-01	
   2.9825122330960852e-01	
   2.8603202846975090e-01	
   2.7457045151245552e-01	
   2.6869717526690390e-01	
   2.6711243327402134e-01	
   2.6415146797153027e-01	
   2.5634591859430605e-01	
   2.4611460186832740e-01	
   2.3599449510676157e-01	
   2.2643738879003558e-01	
   2.1767960409252668e-01	
   2.1758924599644128e-01	
   2.2264234875444841e-01	
   2.2836271129893237e-01	
   2.2909947731316727e-01	
   2.2586743772241993e-01	
   2.2408807829181496e-01	
   2.2365018905693951e-01	
   2.2082823620996442e-01	
   2.1305743994661921e-01	
   2.0131088745551601e-01	
   1.8884842081850534e-01	
   1.7890903024911031e-01	
   1.7131895017793594e-01	
   1.6974810943060498e-01	
   1.8944617437722419e-01	
   2.1283502001779359e-01	
   2.6721669261565834e-01	
   3.1931161032028471e-01	
   3.1801184386120995e-01	
   2.9758396352313166e-01	
   2.7158863434163699e-01	
   2.5651968416370108e-01	
   2.4201373443060498e-01	
   2.4416147686832740e-01	
   2.2904387233096085e-01	
   2.1750583852313168e-01	
   2.2404637455516013e-01	
   2.2132173042704625e-01	
   2.4297987099644128e-01	
   2.7165814056939502e-01	
   2.9212077402135234e-01	
   3.0974060275800713e-01	
   3.2061832740213525e-01	
   3.2624138122775803e-01	
   3.2612322064056942e-01	
   3.1878336298932386e-01	
   3.0862850311387902e-01	
   2.9734069172597866e-01	
   2.8548987989323843e-01	
   2.7499443950177938e-01	
   2.6720974199288255e-01	
   2.6390124555160144e-01	
   2.6073871218861211e-01	
   2.5426768238434166e-01	
   2.4457156361209964e-01	
   2.3491019795373666e-01	
   2.2739657473309607e-01	
   2.2232957072953738e-01	
   2.2160670596085411e-01	
   2.2339996663701067e-01	
   2.2573537588967971e-01	
   2.2563111654804271e-01	
   2.2127307606761565e-01	
   2.1884730871886121e-01	
   2.1682467749110321e-01	
   2.1359263790035588e-01	
   2.0582184163701067e-01	
   1.9442282028469751e-01	
   1.8404554048042704e-01	
   1.7528775578291814e-01	
   1.6859430604982206e-01	
   1.7172208629893237e-01	
   1.8581794928825623e-01	
   2.0673237322064056e-01	
   2.4938834519572953e-01	
   3.1544011343416373e-01	
   3.1355649466192170e-01	
   2.9363600978647686e-01	
   2.6793260676156583e-01	
   2.5849366103202848e-01	
   2.4322314279359430e-01	
   2.3604314946619218e-01	
   2.2729926601423486e-01	
   2.1915313612099643e-01	
   2.2508201734875444e-01	
   2.3071202179715303e-01	
   2.5397575622775803e-01	
   2.7874082517793597e-01	
   2.9728508674377224e-01	
   3.1524549599644131e-01	
   3.2034030249110318e-01	
   3.2228647686832740e-01	
   3.2095195729537368e-01	
   3.1401523576512458e-01	
   3.0518099421708184e-01	
   2.9458824510676157e-01	
   2.8434302713523130e-01	
   2.7370857428825623e-01	
   2.6590997553380785e-01	
   2.6039118104982206e-01	
   2.5654748665480426e-01	
   2.5027107428825623e-01	
   2.4247247553380782e-01	
   2.3341581405693951e-01	
   2.2779971085409254e-01	
   2.2469278247330962e-01	
   2.2239907695729538e-01	
   2.2215580516014236e-01	
   2.2212800266903915e-01	
   2.1995940836298933e-01	
   2.1635898576512455e-01	
   2.1283502001779359e-01	
   2.0976284475088969e-01	
   2.0595390346975090e-01	
   1.9873915702846975e-01	
   1.8950872998220641e-01	
   1.7975700622775800e-01	
   1.7222948176156583e-01	
   1.6543872330960854e-01	
   1.7284808718861211e-01	
   1.8425405916370108e-01	
   1.9902413256227758e-01	
   2.3686332295373666e-01	
   3.0914979982206403e-01	
   3.0596641459074730e-01	
   2.8525355871886121e-01	
   2.6189251556939502e-01	
   2.5515041147686834e-01	
   2.4235431494661921e-01	
   2.3586243327402134e-01	
   2.3048265124555159e-01	
   2.1967443282918150e-01	
   2.2569367215302491e-01	
   2.3848281806049823e-01	
   2.6380393683274023e-01	
   2.8305716192170821e-01	
   3.0396463523131673e-01	
   3.1717776912811391e-01	
   3.2170262455516013e-01	
   3.2138289590747332e-01	
   3.1541926156583627e-01	
   3.0718972419928825e-01	
   2.9866131005338076e-01	
   2.8831878336298933e-01	
   2.7878947953736655e-01	
   2.6961465747330959e-01	
   2.6206628113879005e-01	
   2.5556049822064059e-01	
   2.5108429715302494e-01	
   2.4639957740213522e-01	
   2.3935859653024910e-01	
   2.3295707295373666e-01	
   2.2815419261565836e-01	
   2.2456072064056939e-01	
   2.2205849644128114e-01	
   2.2004976645907473e-01	
   2.1807578959074733e-01	
   2.1376640346975090e-01	
   2.1009647464412812e-01	
   2.0696869439501780e-01	
   2.0325706183274023e-01	
   1.9805799599644128e-01	
   1.9172597864768684e-01	
   1.8401773798932383e-01	
   1.7651801601423486e-01	
   1.6935887455516013e-01	
   1.6340914145907473e-01	
   1.7490547153024910e-01	
   1.8047292037366547e-01	
   1.9372775800711745e-01	
   2.2734792037366547e-01	
   3.0041981761565834e-01	
   2.9636760453736655e-01	
   2.7830293594306049e-01	
   2.5920957517793597e-01	
   2.5539368327402134e-01	
   2.4182606761565836e-01	
   2.3379114768683273e-01	
   2.2729926601423486e-01	
   2.1877085186832740e-01	
   2.3071897241992884e-01	
   2.4684441725978648e-01	
   2.7150522686832740e-01	
   2.8814501779359430e-01	
   3.0785698398576511e-01	
   3.1961048709964412e-01	
   3.2127863656583627e-01	
   3.1703180604982206e-01	
   3.0930271352313166e-01	
   2.9878642126334520e-01	
   2.8958379670818507e-01	
   2.8048543149466193e-01	
   2.7126890569395018e-01	
   2.6302546708185054e-01	
   2.5660309163701067e-01	
   2.5148743327402134e-01	
   2.4575316948398576e-01	
   2.4154804270462635e-01	
   2.3624471752669038e-01	
   2.3126112099644128e-01	
   2.2609680827402134e-01	
   2.2337911476868327e-01	
   2.1978564279359430e-01	
   2.1644239323843417e-01	
   2.1247358763345195e-01	
   2.0892181939501780e-01	
   2.0496691503558720e-01	
   2.0126918371886121e-01	
   1.9765485987544484e-01	
   1.9246274466192170e-01	
   1.8652691281138789e-01	
   1.7996552491103202e-01	
   1.7310526023131673e-01	
   1.6678714412811388e-01	
   1.6081655916370108e-01	
   1.7627474421708186e-01	
   1.7565613879003558e-01	
   1.9029415035587188e-01	
   2.1727646797153025e-01	
   2.8744995551601421e-01	
   2.8594862099644131e-01	
   2.7250611654804269e-01	
   2.5778469750889682e-01	
   2.5454570729537368e-01	
   2.4040814056939502e-01	
   2.2996135453736655e-01	
   2.2629837633451957e-01	
   2.2038339635231316e-01	
   2.3632117437722419e-01	
   2.5536588078291816e-01	
   2.7313862322064059e-01	
   2.9148131672597866e-01	
   3.1042176379003561e-01	
   3.1789368327402134e-01	
   3.1904053603202848e-01	
   3.1363990213523130e-01	
   3.0234514012455516e-01	
   2.9093221752669041e-01	
   2.8026996218861211e-01	
   2.7238100533807830e-01	
   2.6390819617437722e-01	
   2.5712438834519574e-01	
   2.5177240880782920e-01	
   2.4662894795373666e-01	
   2.4179826512455516e-01	
   2.3732206405693951e-01	
   2.3319339412811388e-01	
   2.2814724199288255e-01	
   2.2501251112099643e-01	
   2.2123832295373666e-01	
   2.1690113434163702e-01	
   2.1289062500000000e-01	
   2.0879670818505339e-01	
   2.0450817393238435e-01	
   2.0012233096085411e-01	
   1.9581294483985764e-01	
   1.9211521352313168e-01	
   1.8766681494661921e-01	
   1.8257895907473309e-01	
   1.7732428825622776e-01	
   1.7115213523131673e-01	
   1.6462550044483987e-01	
   1.5887038478647686e-01	
   1.7434247108540926e-01	
   1.7302880338078291e-01	
   1.8581099866548043e-01	
   2.0742048487544484e-01	
   2.7570340302491103e-01	
   2.7639846530249113e-01	
   2.6759202624555162e-01	
   2.5770824065836301e-01	
   2.5167510008896798e-01	
   2.3702318727758007e-01	
   2.2836966192170818e-01	
   2.2775800711743771e-01	
   2.2679187055160141e-01	
   2.4209019128113879e-01	
   2.6089857651245552e-01	
   2.7771908362989323e-01	
   2.9630504893238435e-01	
   3.1206906138790036e-01	
   3.1634369439501780e-01	
   3.1589190391459077e-01	
   3.0734958852313166e-01	
   2.9465080071174377e-01	
   2.8175044483985767e-01	
   2.7192921485765126e-01	
   2.6487433274021355e-01	
   2.5747887010676157e-01	
   2.5217554492882560e-01	
   2.4808162811387902e-01	
   2.4301462411032029e-01	
   2.3855927491103202e-01	
   2.3439585186832740e-01	
   2.3054520685053381e-01	
   2.2572842526690393e-01	
   2.2174571841637011e-01	
   2.1846502446619218e-01	
   2.1350923042704625e-01	
   2.0954737544483987e-01	
   2.0455682829181496e-01	
   2.0144989991103202e-01	
   1.9677213078291814e-01	
   1.9230983096085411e-01	
   1.8768766681494661e-01	
   1.8366325622775800e-01	
   1.7966664813167260e-01	
   1.7471085409252668e-01	
   1.6897659030249110e-01	
   1.6308941281138789e-01	
   1.5664618549822065e-01	
   1.7388372998220641e-01	
   1.7082545596085411e-01	
   1.8139040258007116e-01	
   1.9903108318505339e-01	
   2.6342860320284700e-01	
   2.6541648131672596e-01	
   2.6328959074733094e-01	
   2.5453875667259784e-01	
   2.5091053158362991e-01	
   2.3826039813167260e-01	
   2.3295707295373666e-01	
   2.3313778914590746e-01	
   2.3492409919928825e-01	
   2.4842915925266904e-01	
   2.6734180382562278e-01	
   2.8268877891459077e-01	
   2.9801490213523130e-01	
   3.0861460186832740e-01	
   3.1394572953736655e-01	
   3.1021324510676157e-01	
   2.9959269350533807e-01	
   2.8658112766903915e-01	
   2.7430632784697506e-01	
   2.6467276467971529e-01	
   2.5813222864768681e-01	
   2.5296096530249113e-01	
   2.4819283807829182e-01	
   2.4470362544483987e-01	
   2.4054020240213522e-01	
   2.3562611209964412e-01	
   2.3110125667259787e-01	
   2.2702819172597866e-01	
   2.2339301601423486e-01	
   2.1960492660142350e-01	
   2.1514957740213522e-01	
   2.1100005560498220e-01	
   2.0689223754448399e-01	
   2.0222836966192170e-01	
   1.9775911921708186e-01	
   1.9409614101423486e-01	
   1.8915424822064056e-01	
   1.8507423265124556e-01	
   1.8109847642348753e-01	
   1.7740769572953738e-01	
   1.7279943282918150e-01	
   1.6723893460854092e-01	
   1.6174794261565836e-01	
   1.5555493772241993e-01	
   1.7140930827402134e-01	
   1.6990797375444841e-01	
   1.7902024021352314e-01	
   1.9055132339857650e-01	
   2.4741436832740213e-01	
   2.5382979314946619e-01	
   2.5519906583629892e-01	
   2.5140402580071175e-01	
   2.4728925711743771e-01	
   2.4088773354092527e-01	
   2.4085298042704625e-01	
   2.3979648576512455e-01	
   2.4040118994661921e-01	
   2.5098003781138789e-01	
   2.7037922597864766e-01	
   2.8464885453736655e-01	
   2.9634675266903915e-01	
   3.0501417927046265e-01	
   3.0823231761565834e-01	
   3.0383952402135234e-01	
   2.9214857651245552e-01	
   2.7992938167259784e-01	
   2.6816197731316727e-01	
   2.5935553825622776e-01	
   2.5296096530249113e-01	
   2.4871413478647686e-01	
   2.4487739101423486e-01	
   2.4202763567615659e-01	
   2.3818394128113879e-01	
   2.3356177713523132e-01	
   2.2930104537366547e-01	
   2.2544344973309607e-01	
   2.2142598976868327e-01	
   2.1701234430604982e-01	
   2.1246663701067617e-01	
   2.0887316503558720e-01	
   2.0441086521352314e-01	
   2.0003197286476868e-01	
   1.9547236432384341e-01	
   1.9091970640569395e-01	
   1.8672848087188612e-01	
   1.8250945284697509e-01	
   1.7916620329181496e-01	
   1.7583685498220641e-01	
   1.7108957962633453e-01	
   1.6638400800711745e-01	
   1.6105288033807830e-01	
   1.5545067838078291e-01	
   1.6441003113879005e-01	
   1.6684969973309607e-01	
   1.7154137010676157e-01	
   1.8025745106761565e-01	
   2.3468082740213522e-01	
   2.4190252446619218e-01	
   2.4794261565836298e-01	
   2.4644128113879005e-01	
   2.4654554048042704e-01	
   2.4272269795373666e-01	
   2.4343166147686832e-01	
   2.4544039145907473e-01	
   2.4261148798932383e-01	
   2.5294706405693951e-01	
   2.7095612766903915e-01	
   2.8536476868327404e-01	
   2.9354565169039148e-01	
   3.0016959519572955e-01	
   3.0184469528469748e-01	
   2.9581155471530252e-01	
   2.8568449733096085e-01	
   2.7418121663701067e-01	
   2.6348420818505336e-01	
   2.5464996663701067e-01	
   2.4979843193950177e-01	
   2.4568366325622776e-01	
   2.4207629003558720e-01	
   2.3869828736654805e-01	
   2.3648103870106763e-01	
   2.3147659030249110e-01	
   2.2807078514234874e-01	
   2.2356678158362989e-01	
   2.1945896352313168e-01	
   2.1508007117437722e-01	
   2.1141709297153025e-01	
   2.0665591637010677e-01	
   2.0274966637010677e-01	
   1.9825261343416370e-01	
   1.9404053603202848e-01	
   1.8924460631672599e-01	
   1.8488656583629892e-01	
   1.8167537811387902e-01	
   1.7725478202846975e-01	
   1.7395323620996442e-01	
   1.6983846752669038e-01	
   1.6537616770462635e-01	
   1.6049683051601424e-01	
   1.5571480204626334e-01	
   1.5726479092526691e-01	
   1.5974616325622776e-01	
   1.6450038923487545e-01	
   1.6871941725978648e-01	
   2.2399076957295375e-01	
   2.3099004670818504e-01	
   2.3817699065836298e-01	
   2.3972697953736655e-01	
   2.4272269795373666e-01	
   2.4142293149466193e-01	
   2.4297987099644128e-01	
   2.4790091192170818e-01	
   2.4427268683274023e-01	
   2.5457350978647686e-01	
   2.7018460854092524e-01	
   2.8316837188612098e-01	
   2.9084185943060498e-01	
   2.9470640569395018e-01	
   2.9532501112099646e-01	
   2.8893043816725977e-01	
   2.7891459074733094e-01	
   2.6944784252669041e-01	
   2.5997414368327404e-01	
   2.5184191503558717e-01	
   2.4760898576512455e-01	
   2.4339690836298933e-01	
   2.4049154804270462e-01	
   2.3691892793594305e-01	
   2.3363128336298933e-01	
   2.2944700845195729e-01	
   2.2577707962633453e-01	
   2.2181522464412812e-01	
   2.1735987544483987e-01	
   2.1321730427046262e-01	
   2.0960993104982206e-01	
   2.0516153247330962e-01	
   2.0063667704626334e-01	
   1.9574343861209964e-01	
   1.9171902802491103e-01	
   1.8715941948398576e-01	
   1.8250945284697509e-01	
   1.7965274688612098e-01	
   1.7635815169039146e-01	
   1.7263956850533807e-01	
   1.6846919483985764e-01	
   1.6470890791814946e-01	
   1.6064974421708186e-01	
   1.5570090080071175e-01	
   1.5301796040925267e-01	
   1.5387983763345195e-01	
   1.5583991325622776e-01	
   1.6274883229537365e-01	
   2.1504531806049823e-01	
   2.2158585409252668e-01	
   2.2768850088967971e-01	
   2.3244272686832740e-01	
   2.3808663256227758e-01	
   2.3961576957295375e-01	
   2.4070006672597866e-01	
   2.4734486209964412e-01	
   2.4367493327402134e-01	
   2.5547014012455516e-01	
   2.6878753336298933e-01	
   2.8034641903914592e-01	
   2.8724838745551601e-01	
   2.9002168594306049e-01	
   2.8832573398576511e-01	
   2.8205627224199287e-01	
   2.7402830293594305e-01	
   2.6471446841637009e-01	
   2.5585937500000000e-01	
   2.5021546930604982e-01	
   2.4552379893238435e-01	
   2.4133257339857650e-01	
   2.3818394128113879e-01	
   2.3531333407473309e-01	
   2.3149049154804271e-01	
   2.2750778469750890e-01	
   2.2395601645907473e-01	
   2.2025828514234874e-01	
   2.1531639234875444e-01	
   2.1168121663701067e-01	
   2.0723976868327401e-01	
   2.0272186387900357e-01	
   1.9839162588967971e-01	
   1.9481900578291814e-01	
   1.8946007562277581e-01	
   1.8474755338078291e-01	
   1.8113322953736655e-01	
   1.7785948620996442e-01	
   1.7491937277580072e-01	
   1.7113128336298933e-01	
   1.6789924377224200e-01	
   1.6342304270462635e-01	
   1.6019100311387902e-01	
   1.5526996218861211e-01	
   1.5298320729537365e-01	
   1.5244105871886121e-01	
   1.5395629448398576e-01	
   1.5984347197508897e-01	
   2.0728147241992884e-01	
   2.1303658807829182e-01	
   2.1719306049822065e-01	
   2.2423404137010677e-01	
   2.3170596085409254e-01	
   2.3567476645907473e-01	
   2.3880254670818504e-01	
   2.4633007117437722e-01	
   2.4144378336298933e-01	
   2.5363517571174377e-01	
   2.6670234653024910e-01	
   2.7730204626334520e-01	
   2.8318922375444838e-01	
   2.8455154581850534e-01	
   2.8276523576512458e-01	
   2.7632200845195731e-01	
   2.6869022464412812e-01	
   2.6069700845195731e-01	
   2.5385064501779359e-01	
   2.4782445507117437e-01	
   2.4291036476868327e-01	
   2.3974088078291814e-01	
   2.3589718638790036e-01	
   2.3270685053380782e-01	
   2.2855037811387902e-01	
   2.2478314056939502e-01	
   2.2120356983985764e-01	
   2.1800628336298933e-01	
   2.1383590969750890e-01	
   2.0956127669039146e-01	
   2.0623192838078291e-01	
   2.0140819617437722e-01	
   1.9724477313167260e-01	
   1.9251139902135231e-01	
   1.8743744439501780e-01	
   1.8328792259786478e-01	
   1.7999332740213522e-01	
   1.7687249777580072e-01	
   1.7352229759786478e-01	
   1.7013039368327401e-01	
   1.6720418149466193e-01	
   1.6368021574733096e-01	
   1.5915536032028471e-01	
   1.5575650578291814e-01	
   1.5312917037366547e-01	
   1.5187110765124556e-01	
   1.5189195951957296e-01	
   1.5815447064056939e-01	
   1.9805799599644128e-01	
   2.0462633451957296e-01	
   2.0976979537366547e-01	
   2.1601840524911031e-01	
   2.2458157250889679e-01	
   2.3025328069395018e-01	
   2.3366603647686832e-01	
   2.4515541592526691e-01	
   2.4070701734875444e-01	
   2.5159169261565834e-01	
   2.6369967749110318e-01	
   2.7384063612099646e-01	
   2.7905360320284700e-01	
   2.7972086298932386e-01	
   2.7739935498220641e-01	
   2.7247136343416373e-01	
   2.6511760453736655e-01	
   2.5856316725978645e-01	
   2.5186971752669041e-01	
   2.4546124332740213e-01	
   2.4154804270462635e-01	
   2.3855232428825623e-01	
   2.3464607428825623e-01	
   2.3116381227758007e-01	
   2.2685442615658363e-01	
   2.2314974421708186e-01	
   2.1959102535587188e-01	
   2.1601145462633453e-01	
   2.1214690836298933e-01	
   2.0837967081850534e-01	
   2.0408418594306049e-01	
   1.9914924377224200e-01	
   1.9470779581850534e-01	
   1.8962689056939502e-01	
   1.8590830738434164e-01	
   1.8214802046263345e-01	
   1.7883952402135231e-01	
   1.7569784252669038e-01	
   1.7239629670818504e-01	
   1.6948398576512455e-01	
   1.6643961298932383e-01	
   1.6303380782918150e-01	
   1.5928742215302491e-01	
   1.5629865435943061e-01	
   1.5319867660142350e-01	
   1.5132895907473309e-01	
   1.5039757562277581e-01	
   1.5572870329181496e-01	
   1.8539396129893237e-01	
   1.9619522909252668e-01	
   2.0003197286476868e-01	
   2.0849088078291814e-01	
   2.1549015791814946e-01	
   2.2278136120996442e-01	
   2.2728536476868327e-01	
   2.4162449955516013e-01	
   2.3956016459074733e-01	
   2.4912422153024910e-01	
   2.5936943950177938e-01	
   2.6958685498220641e-01	
   2.7341664813167260e-01	
   2.7400050044483987e-01	
   2.7172764679715300e-01	
   2.6723059386120995e-01	
   2.6256672597864766e-01	
   2.5553964635231319e-01	
   2.4938834519572953e-01	
   2.4367493327402134e-01	
   2.4084602980427047e-01	
   2.3671040925266904e-01	
   2.3230371441281139e-01	
   2.2913423042704625e-01	
   2.2531138790035588e-01	
   2.2190558274021352e-01	
   2.1776996218861211e-01	
   2.1451012010676157e-01	
   2.1043010453736655e-01	
   2.0650300266903915e-01	
   2.0198509786476868e-01	
   1.9748109430604982e-01	
   1.9305354759786478e-01	
   1.8797959297153025e-01	
   1.8442782473309607e-01	
   1.8102897019572953e-01	
   1.7807495551601424e-01	
   1.7480121218861211e-01	
   1.7181244439501780e-01	
   1.6906694839857650e-01	
   1.6604342749110321e-01	
   1.6286699288256229e-01	
   1.5987822508896798e-01	
   1.5643071619217083e-01	
   1.5383813389679715e-01	
   1.5173209519572953e-01	
   1.4979287144128114e-01	
   1.5333073843416370e-01	
   1.7499582962633453e-01	
   1.8598476423487545e-01	
   1.9158001556939502e-01	
   2.0030999777580072e-01	
   2.0821980649466193e-01	
   2.1287672375444841e-01	
   2.1998721085409254e-01	
   2.3417343193950177e-01	
   2.3483374110320285e-01	
   2.4380004448398576e-01	
   2.5371163256227758e-01	
   2.6396380115658363e-01	
   2.6707072953736655e-01	
   2.6837049599644131e-01	
   2.6577096307829179e-01	
   2.6282389902135234e-01	
   2.5833379670818507e-01	
   2.5139012455516013e-01	
   2.4617715747330962e-01	
   2.4195812944839859e-01	
   2.3873999110320285e-01	
   2.3508396352313168e-01	
   2.3038534252669038e-01	
   2.2695868549822065e-01	
   2.2374749777580072e-01	
   2.2007061832740213e-01	
   2.1642849199288255e-01	
   2.1242493327402134e-01	
   2.0922764679715303e-01	
   2.0516848309608540e-01	
   2.0009452846975090e-01	
   1.9521519128113879e-01	
   1.9009953291814946e-01	
   1.8583880115658363e-01	
   1.8242604537366547e-01	
   1.7970140124555159e-01	
   1.7667092971530249e-01	
   1.7434942170818504e-01	
   1.7067949288256229e-01	
   1.6801045373665480e-01	
   1.6574455071174377e-01	
   1.6342999332740213e-01	
   1.6081655916370108e-01	
   1.5773743327402134e-01	
   1.5490852980427047e-01	
   1.5243410809608540e-01	
   1.5059914368327401e-01	
   1.4966080960854092e-01	
   1.6504948843416370e-01	
   1.7528080516014236e-01	
   1.8298904581850534e-01	
   1.9131589190391460e-01	
   1.9951762677935944e-01	
   2.0560637233096085e-01	
   2.1367604537366547e-01	
   2.2515847419928825e-01	
   2.2789006895017794e-01	
   2.3762094083629892e-01	
   2.4623971307829182e-01	
   2.5630421485765126e-01	
   2.6130866325622776e-01	
   2.6144072508896798e-01	
   2.6049544039145905e-01	
   2.5742326512455516e-01	
   2.5319033585409251e-01	
   2.4688612099644128e-01	
   2.4287561165480426e-01	
   2.3987989323843417e-01	
   2.3686332295373666e-01	
   2.3261649243772242e-01	
   2.2923153914590746e-01	
   2.2546430160142350e-01	
   2.2153024911032029e-01	
   2.1916008674377224e-01	
   2.1508702179715303e-01	
   2.1122247553380782e-01	
   2.0700344750889679e-01	
   2.0263845640569395e-01	
   1.9816920596085411e-01	
   1.9293538701067617e-01	
   1.8808385231316727e-01	
   1.8432356539145908e-01	
   1.8114713078291814e-01	
   1.7830432606761565e-01	
   1.7528775578291814e-01	
   1.7269517348754448e-01	
   1.6994272686832740e-01	
   1.6780888567615659e-01	
   1.6540397019572953e-01	
   1.6292259786476868e-01	
   1.6120579403914589e-01	
   1.5873832295373666e-01	
   1.5640291370106763e-01	
   1.5463745551601424e-01	
   1.5196841637010677e-01	
   1.4968166147686832e-01	
   1.5519350533807830e-01	
   1.6531361209964412e-01	
   1.7218082740213522e-01	
   1.8184914368327401e-01	
   1.9022464412811388e-01	
   1.9849588523131673e-01	
   2.0752474421708186e-01	
   2.1786032028469751e-01	
   2.2157195284697509e-01	
   2.2889095862989323e-01	
   2.3845501556939502e-01	
   2.4790786254448399e-01	
   2.5328069395017794e-01	
   2.5439974421708184e-01	
   2.5525467081850534e-01	
   2.5216859430604982e-01	
   2.4803992437722419e-01	
   2.4416842749110321e-01	
   2.4104759786476868e-01	
   2.3737071841637011e-01	
   2.3436804937722419e-01	
   2.3000305827402134e-01	
   2.2670846307829182e-01	
   2.2358068282918150e-01	
   2.1997330960854092e-01	
   2.1736682606761565e-01	
   2.1381505782918150e-01	
   2.0957517793594305e-01	
   2.0498081628113879e-01	
   2.0046291147686832e-01	
   1.9600061165480426e-01	
   1.9087800266903915e-01	
   1.8581099866548043e-01	
   1.8231483540925267e-01	
   1.7924961076512455e-01	
   1.7698370774021352e-01	
   1.7457184163701067e-01	
   1.7200011120996442e-01	
   1.6934497330960854e-01	
   1.6664813167259787e-01	
   1.6479926601423486e-01	
   1.6358290702846975e-01	
   1.6199121441281139e-01	
   1.6003113879003558e-01	
   1.5809886565836298e-01	
   1.5657667927046262e-01	
   1.5406750444839859e-01	
   1.5214218193950177e-01	
   1.4754782028469751e-01	
   1.5558969083629892e-01	
   1.6213717749110321e-01	
   1.7152051823843417e-01	
   1.8039646352313168e-01	
   1.8898743327402134e-01	
   1.9928130560498220e-01	
   2.0832406583629892e-01	
   2.1363434163701067e-01	
   2.2033474199288255e-01	
   2.2988489768683273e-01	
   2.3921263345195729e-01	
   2.4457851423487545e-01	
   2.4739351645907473e-01	
   2.4913117215302491e-01	
   2.4801212188612098e-01	
   2.4455766236654805e-01	
   2.4229175934163702e-01	
   2.3947675711743771e-01	
   2.3559830960854092e-01	
   2.3254698620996442e-01	
   2.2819589635231316e-01	
   2.2553380782918150e-01	
   2.2161365658362989e-01	
   2.1847892571174377e-01	
   2.1558051601423486e-01	
   2.1164646352313168e-01	
   2.0770546040925267e-01	
   2.0270796263345195e-01	
   1.9807884786476868e-01	
   1.9300489323843417e-01	
   1.8824371663701067e-01	
   1.8376751556939502e-01	
   1.8087605649466193e-01	
   1.7783863434163702e-01	
   1.7605232428825623e-01	
   1.7359875444839859e-01	
   1.7144406138790036e-01	
   1.6898354092526691e-01	
   1.6705821841637011e-01	
   1.6506338967971529e-01	
   1.6429187055160141e-01	
   1.6312416592526691e-01	
   1.6100422597864769e-01	
   1.6006589190391460e-01	
   1.5843249555160141e-01	
   1.5661838300711745e-01	
   1.5490852980427047e-01	
   1.4245996441281139e-01	
   1.4827763567615659e-01	
   1.5214913256227758e-01	
   1.6133090524911031e-01	
   1.7006783807829182e-01	
   1.7741464635231316e-01	
   1.8893182829181496e-01	
   1.9705710631672599e-01	
   2.0414674154804271e-01	
   2.1134758674377224e-01	
   2.2032084074733096e-01	
   2.2968332962633453e-01	
   2.3430549377224200e-01	
   2.3893460854092527e-01	
   2.4285475978647686e-01	
   2.4307717971530249e-01	
   2.4152719083629892e-01	
   2.4031778247330962e-01	
   2.3793371886120995e-01	
   2.3350617215302491e-01	
   2.2963467526690393e-01	
   2.2684052491103202e-01	
   2.2178742215302491e-01	
   2.1939640791814946e-01	
   2.1651885008896798e-01	
   2.1331461298932383e-01	
   2.0976284475088969e-01	
   2.0546735987544484e-01	
   2.0036560275800711e-01	
   1.9614657473309607e-01	
   1.9108652135231316e-01	
   1.8698565391459074e-01	
   1.8228703291814946e-01	
   1.7937472197508897e-01	
   1.7644155916370108e-01	
   1.7464829848754448e-01	
   1.7250055604982206e-01	
   1.7060303603202848e-01	
   1.6883062722419928e-01	
   1.6728758896797152e-01	
   1.6534141459074733e-01	
   1.6470890791814946e-01	
   1.6378447508896798e-01	
   1.6279748665480426e-01	
   1.6190780693950177e-01	
   1.6137260898576514e-01	
   1.5971141014234874e-01	
   1.5846724866548043e-01	
   1.3869272686832740e-01	
   1.4118104982206406e-01	
   1.4471196619217083e-01	
   1.5171819395017794e-01	
   1.5958629893238435e-01	
   1.6539006895017794e-01	
   1.7685859653024910e-01	
   1.8465024466192170e-01	
   1.9233068282918150e-01	
   2.0123443060498220e-01	
   2.0952652357651247e-01	
   2.1977174154804271e-01	
   2.2501251112099643e-01	
   2.3092749110320285e-01	
   2.3631422375444841e-01	
   2.3781555827402134e-01	
   2.3694673042704625e-01	
   2.3647408807829182e-01	
   2.3476423487544484e-01	
   2.3034363879003558e-01	
   2.2678491992882563e-01	
   2.2351812722419928e-01	
   2.1928519795373666e-01	
   2.1678992437722419e-01	
   2.1458657695729538e-01	
   2.1079848754448399e-01	
   2.0721891681494661e-01	
   2.0287477758007116e-01	
   1.9884341637010677e-01	
   1.9401968416370108e-01	
   1.8907779137010677e-01	
   1.8528970195729538e-01	
   1.8102201957295375e-01	
   1.7851284475088969e-01	
   1.7529470640569395e-01	
   1.7320951957295375e-01	
   1.7127029581850534e-01	
   1.6939362766903915e-01	
   1.6812166370106763e-01	
   1.6683579848754448e-01	
   1.6614768683274023e-01	
   1.6520935275800711e-01	
   1.6527190836298933e-01	
   1.6521630338078291e-01	
   1.6397909252669038e-01	
   1.6411115435943061e-01	
   1.6294344973309607e-01	
   1.6238044928825623e-01	
   1.3418872330960854e-01	
   1.3632951512455516e-01	
   1.3883868994661921e-01	
   1.4329403914590746e-01	
   1.4995968638790036e-01	
   1.5672264234875444e-01	
   1.6568894572953738e-01	
   1.7184719750889679e-01	
   1.8068143905693951e-01	
   1.8913339635231316e-01	
   1.9805799599644128e-01	
   2.0768460854092527e-01	
   2.1580988656583630e-01	
   2.2210020017793594e-01	
   2.2775105649466193e-01	
   2.3003781138790036e-01	
   2.3067726868327401e-01	
   2.3116381227758007e-01	
   2.3128892348754448e-01	
   2.2710464857651247e-01	
   2.2364323843416370e-01	
   2.2052935943060498e-01	
   2.1711660364768684e-01	
   2.1405137900355872e-01	
   2.1101395685053381e-01	
   2.0745523798932383e-01	
   2.0393822286476868e-01	
   1.9942031806049823e-01	
   1.9619522909252668e-01	
   1.9184413923487545e-01	
   1.8757645685053381e-01	
   1.8390652802491103e-01	
   1.8068838967971529e-01	
   1.7737294261565836e-01	
   1.7457184163701067e-01	
   1.7250055604982206e-01	
   1.7051267793594305e-01	
   1.6878197286476868e-01	
   1.6777413256227758e-01	
   1.6657862544483987e-01	
   1.6670373665480426e-01	
   1.6691920596085411e-01	
   1.6680104537366547e-01	
   1.6642571174377224e-01	
   1.6668983540925267e-01	
   1.6660642793594305e-01	
   1.6572369884341637e-01	
   1.6557078514234874e-01	
   1.2983763345195729e-01	
   1.3155443727758007e-01	
   1.3379253781138789e-01	
   1.3739991103202848e-01	
   1.4238350756227758e-01	
   1.4586576957295375e-01	
   1.5495023354092527e-01	
   1.6272798042704625e-01	
   1.7052657918149466e-01	
   1.7746330071174377e-01	
   1.8606122108540926e-01	
   1.9499972197508897e-01	
   2.0450817393238435e-01	
   2.1083324065836298e-01	
   2.1749888790035588e-01	
   2.2257979314946619e-01	
   2.2414368327402134e-01	
   2.2602730204626334e-01	
   2.2640958629893237e-01	
   2.2313584297153025e-01	
   2.1958407473309607e-01	
   2.1701929492882563e-01	
   2.1318255115658363e-01	
   2.1120162366548043e-01	
   2.0772631227758007e-01	
   2.0460548265124556e-01	
   2.0157501112099643e-01	
   1.9736988434163702e-01	
   1.9331767126334520e-01	
   1.9078069395017794e-01	
   1.8649215969750890e-01	
   1.8303770017793594e-01	
   1.7904804270462635e-01	
   1.7624694172597866e-01	
   1.7390458185053381e-01	
   1.7187500000000000e-01	
   1.6973420818505339e-01	
   1.6857345418149466e-01	
   1.6809386120996442e-01	
   1.6765597197508897e-01	
   1.6753781138790036e-01	
   1.6807995996441280e-01	
   1.6795484875444841e-01	
   1.6816336743772242e-01	
   1.6817031806049823e-01	
   1.6834408362989323e-01	
   1.6860820729537365e-01	
   1.6760731761565836e-01	
   1.2649438389679715e-01	
   1.2663339635231316e-01	
   1.2987238656583630e-01	
   1.3345890791814946e-01	
   1.3618355204626334e-01	
   1.3799071396797152e-01	
   1.4534447286476868e-01	
   1.5201707072953738e-01	
   1.5986432384341637e-01	
   1.6581405693950177e-01	
   1.7353619884341637e-01	
   1.8360070062277581e-01	
   1.9207350978647686e-01	
   1.9948287366548043e-01	
   2.0780276912811388e-01	
   2.1527468861209964e-01	
   2.1957712411032029e-01	
   2.2171791592526691e-01	
   2.2072397686832740e-01	
   2.2033474199288255e-01	
   2.1574733096085411e-01	
   2.1176462411032029e-01	
   2.0947091859430605e-01	
   2.0660726201067617e-01	
   2.0420234653024910e-01	
   2.0276356761565836e-01	
   1.9944116992882563e-01	
   1.9571563612099643e-01	
   1.9177463300711745e-01	
   1.8950872998220641e-01	
   1.8598476423487545e-01	
   1.8232873665480426e-01	
   1.7953458629893237e-01	
   1.7609402802491103e-01	
   1.7340413701067617e-01	
   1.7121469083629892e-01	
   1.7026245551601424e-01	
   1.6877502224199289e-01	
   1.6858040480427047e-01	
   1.6845529359430605e-01	
   1.6890708407473309e-01	
   1.6928936832740213e-01	
   1.6985236877224200e-01	
   1.6990797375444841e-01	
   1.7030415925266904e-01	
   1.7090886343416370e-01	
   1.7042231983985764e-01	
   1.7036671485765126e-01	
   1.2547959297153025e-01	
   1.2358207295373666e-01	
   1.2552129670818504e-01	
   1.2906611432384341e-01	
   1.3088022686832740e-01	
   1.3236766014234874e-01	
   1.3695507117437722e-01	
   1.4298821174377224e-01	
   1.4941058718861211e-01	
   1.5620134564056939e-01	
   1.6377752446619218e-01	
   1.7248665480427047e-01	
   1.8173793371886121e-01	
   1.9105871886120995e-01	
   2.0106761565836298e-01	
   2.1132673487544484e-01	
   2.1591414590747332e-01	
   2.1409308274021352e-01	
   2.1352313167259787e-01	
   2.2048765569395018e-01	
   2.1590719528469751e-01	
   2.1237627891459074e-01	
   2.0947091859430605e-01	
   2.0525884119217083e-01	
   2.0167231983985764e-01	
   1.9980955293594305e-01	
   1.9726562500000000e-01	
   1.9417954848754448e-01	
   1.9077374332740213e-01	
   1.8763901245551601e-01	
   1.8454598532028471e-01	
   1.8157111877224200e-01	
   1.7805410364768684e-01	
   1.7528080516014236e-01	
   1.7297319839857650e-01	
   1.7107567838078291e-01	
   1.6965775133451957e-01	
   1.6931022019572953e-01	
   1.6959519572953738e-01	
   1.6942143016014236e-01	
   1.6983151690391460e-01	
   1.7059608540925267e-01	
   1.7102007339857650e-01	
   1.7139540702846975e-01	
   1.7211827179715303e-01	
   1.7280638345195729e-01	
   1.7221558051601424e-01	
   1.7222253113879005e-01	
   1.2611209964412812e-01	
   1.2237961521352313e-01	
   1.2285920818505339e-01	
   1.2556995106761565e-01	
   1.2723114991103202e-01	
   1.2780805160142350e-01	
   1.3079681939501780e-01	
   1.3554409475088969e-01	
   1.4047208629893237e-01	
   1.4701957295373666e-01	
   1.5336549154804271e-01	
   1.6105983096085411e-01	
   1.7140930827402134e-01	
   1.8279442838078291e-01	
   1.9323426379003558e-01	
   2.0190864101423486e-01	
   2.0791397909252668e-01	
   2.0862294261565836e-01	
   2.1439195951957296e-01	
   2.2013317393238435e-01	
   2.1648409697508897e-01	
   2.1469778692170818e-01	
   2.0906778247330962e-01	
   2.0465413701067617e-01	
   2.0010147909252668e-01	
   1.9822481094306049e-01	
   1.9597280916370108e-01	
   1.9311610320284697e-01	
   1.8971724866548043e-01	
   1.8661032028469751e-01	
   1.8334352758007116e-01	
   1.8056327846975090e-01	
   1.7731733763345195e-01	
   1.7505143460854092e-01	
   1.7290369217081850e-01	
   1.7092971530249110e-01	
   1.7029025800711745e-01	
   1.7036671485765126e-01	
   1.7094361654804271e-01	
   1.7102007339857650e-01	
   1.7122164145907473e-01	
   1.7162477758007116e-01	
   1.7226423487544484e-01	
   1.7370996441281139e-01	
   1.7384897686832740e-01	
   1.7411310053380782e-01	
   1.7402969306049823e-01	
   1.7424516236654805e-01	
   1.2729370551601424e-01	
   1.2317893683274021e-01	
   1.2190697286476869e-01	
   1.2204598532028470e-01	
   1.2398520907473309e-01	
   1.2474977758007118e-01	
   1.2602869217081850e-01	
   1.3167954848754448e-01	
   1.3754587411032029e-01	
   1.3919317170818504e-01	
   1.4428797820284697e-01	
   1.5296930604982206e-01	
   1.6200511565836298e-01	
   1.7345279137010677e-01	
   1.8699955516014236e-01	
   1.9550711743772242e-01	
   2.0026829403914589e-01	
   2.1115296930604982e-01	
   2.1687333185053381e-01	
   2.1912533362989323e-01	
   2.1569867660142350e-01	
   2.1335631672597866e-01	
   2.0568282918149466e-01	
   2.0322925934163702e-01	
   1.9919789813167260e-01	
   1.9697369884341637e-01	
   1.9456878336298933e-01	
   1.9071813834519574e-01	
   1.8795179048042704e-01	
   1.8508118327402134e-01	
   1.8264151467971529e-01	
   1.7923570951957296e-01	
   1.7655276912811388e-01	
   1.7407834741992884e-01	
   1.7291759341637011e-01	
   1.7172208629893237e-01	
   1.7170818505338079e-01	
   1.7190280249110321e-01	
   1.7222948176156583e-01	
   1.7291759341637011e-01	
   1.7259091414590746e-01	
   1.7300100088967971e-01	
   1.7446063167259787e-01	
   1.7545457072953738e-01	
   1.7541981761565836e-01	
   1.7465524911032029e-01	
   1.7519044706405695e-01	
   1.7419650800711745e-01	
   1.2752307606761565e-01	
   1.2611905026690393e-01	
   1.2326929492882563e-01	
   1.2125361432384342e-01	
   1.2207378781138790e-01	
   1.2253947953736655e-01	
   1.2299127001779360e-01	
   1.3463356316725977e-01	
   1.3439724199288255e-01	
   1.3743466414590746e-01	
   1.4332184163701067e-01	
   1.5043927935943061e-01	
   1.5888428603202848e-01	
   1.6757951512455516e-01	
   1.8096641459074733e-01	
   1.9197620106761565e-01	
   1.9894767571174377e-01	
   2.1195924154804271e-01	
   2.1659530693950177e-01	
   2.1783946841637011e-01	
   2.1243883451957296e-01	
   2.0825455960854092e-01	
   2.0474449510676157e-01	
   2.0065057829181496e-01	
   1.9705710631672599e-01	
   1.9458963523131673e-01	
   1.9126723754448399e-01	
   1.8827151912811388e-01	
   1.8565113434163702e-01	
   1.8330182384341637e-01	
   1.8045206850533807e-01	
   1.7824872108540926e-01	
   1.7551017571174377e-01	
   1.7359180382562278e-01	
   1.7296624777580072e-01	
   1.7263261788256229e-01	
   1.7269517348754448e-01	
   1.7303575400355872e-01	
   1.7432856983985764e-01	
   1.7453708852313168e-01	
   1.7403664368327401e-01	
   1.7477340969750890e-01	
   1.7644850978647686e-01	
   1.7745635008896798e-01	
   1.7751195507117437e-01	
   1.7713662144128114e-01	
   1.7625389234875444e-01	
   1.7613573176156583e-01	
   1.2696007562277581e-01	
   1.2564640791814946e-01	
   1.2467332072953737e-01	
   1.2228230649466192e-01	
   1.2203208407473309e-01	
   1.2219194839857651e-01	
   1.2428408585409252e-01	
   1.3709408362989323e-01	
   1.3005310275800711e-01	
   1.3603758896797152e-01	
   1.4405165702846975e-01	
   1.5130115658362989e-01	
   1.5789729759786478e-01	
   1.6491742660142350e-01	
   1.7451623665480426e-01	
   1.8739574065836298e-01	
   1.9680688389679715e-01	
   2.0623887900355872e-01	
   2.1291842749110321e-01	
   2.1419039145907473e-01	
   2.0783057161921709e-01	
   2.0506422375444841e-01	
   2.0074093638790036e-01	
   1.9766181049822065e-01	
   1.9410309163701067e-01	
   1.9110042259786478e-01	
   1.8789618549822065e-01	
   1.8469194839857650e-01	
   1.8269711966192170e-01	
   1.8093166147686832e-01	
   1.7847114101423486e-01	
   1.7655276912811388e-01	
   1.7516264457295375e-01	
   1.7438417482206406e-01	
   1.7373776690391460e-01	
   1.7424516236654805e-01	
   1.7494717526690393e-01	
   1.7553102758007116e-01	
   1.7637900355871886e-01	
   1.7612183051601424e-01	
   1.7649021352313168e-01	
   1.7747025133451957e-01	
   1.7849199288256229e-01	
   1.7888817838078291e-01	
   1.7903414145907473e-01	
   1.7794289368327401e-01	
   1.7811665925266904e-01	
   1.8198815613879005e-01	
   1.2696702624555159e-01	
   1.2624416147686832e-01	
   1.2501390124555159e-01	
   1.2272714635231317e-01	
   1.2285225756227758e-01	
   1.2250472642348754e-01	
   1.2458991325622776e-01	
   1.3466831628113879e-01	
   1.3181856094306049e-01	
   1.3369522909252668e-01	
   1.4279359430604982e-01	
   1.5198231761565836e-01	
   1.5779303825622776e-01	
   1.6511899466192170e-01	
   1.7289674154804271e-01	
   1.8420540480427047e-01	
   1.9481900578291814e-01	
   1.9983040480427047e-01	
   2.0417454403914589e-01	
   2.0312500000000000e-01	
   1.9869745329181496e-01	
   1.9732122998220641e-01	
   1.9565308051601424e-01	
   1.9336632562277581e-01	
   1.9087800266903915e-01	
   1.8815335854092527e-01	
   1.8541481316725977e-01	
   1.8212021797153025e-01	
   1.8018794483985764e-01	
   1.7846419039145908e-01	
   1.7748415258007116e-01	
   1.7584380560498220e-01	
   1.7518349644128114e-01	
   1.7502363211743771e-01	
   1.7506533585409254e-01	
   1.7584380560498220e-01	
   1.7675433718861211e-01	
   1.7788033807829182e-01	
   1.7737294261565836e-01	
   1.7756060943060498e-01	
   1.7842943727758007e-01	
   1.7851979537366547e-01	
   1.7948593193950177e-01	
   1.8039646352313168e-01	
   1.8015319172597866e-01	
   1.8042426601423486e-01	
   1.8013929048042704e-01	
   1.8602646797153025e-01	
   1.2643182829181496e-01	
   1.2621635898576514e-01	
   1.2565335854092527e-01	
   1.2351256672597864e-01	
   1.2293566503558719e-01	
   1.2189307161921709e-01	
   1.2350561610320285e-01	
   1.2780110097864769e-01	
   1.3424432829181496e-01	
   1.3558579848754448e-01	
   1.4270323620996442e-01	
   1.5412310943060498e-01	
   1.6030916370106763e-01	
   1.6662727980427047e-01	
   1.7432161921708186e-01	
   1.8239129225978648e-01	
   1.8827151912811388e-01	
   1.9123248443060498e-01	
   1.9212216414590746e-01	
   1.9297709074733096e-01	
   1.9408919039145908e-01	
   1.9187194172597866e-01	
   1.8930716192170818e-01	
   1.8719417259786478e-01	
   1.8449038033807830e-01	
   1.8280137900355872e-01	
   1.8036866103202848e-01	
   1.7796374555160141e-01	
   1.7718527580071175e-01	
   1.7578820062277581e-01	
   1.7506533585409254e-01	
   1.7484291592526691e-01	
   1.7495412588967971e-01	
   1.7526690391459074e-01	
   1.7653191725978648e-01	
   1.7767181939501780e-01	
   1.7826262233096085e-01	
   1.7822786921708186e-01	
   1.7847114101423486e-01	
   1.7965969750889679e-01	
   1.7985431494661921e-01	
   1.8065363656583630e-01	
   1.8029915480427047e-01	
   1.8130004448398576e-01	
   1.8132089635231316e-01	
   1.8208546485765126e-01	
   1.8477535587188612e-01	
   1.9072508896797152e-01	
   1.2806522464412812e-01	
   1.2620245774021352e-01	
   1.2586882784697509e-01	
   1.2506950622775800e-01	
   1.2341525800711743e-01	
   1.2295651690391458e-01	
   1.2279665258007118e-01	
   1.2640402580071175e-01	
   1.2689752001779359e-01	
   1.3218694395017794e-01	
   1.3945729537366547e-01	
   1.4877112989323843e-01	
   1.5628475311387902e-01	
   1.6313806717081850e-01	
   1.7008173932384341e-01	
   1.7429381672597866e-01	
   1.7871441281138789e-01	
   1.8068838967971529e-01	
   1.8353119439501780e-01	
   1.8689529581850534e-01	
   1.8875111209964412e-01	
   1.8915424822064056e-01	
   1.8634619661921709e-01	
   1.8447647909252668e-01	
   1.8111237766903915e-01	
   1.7829737544483987e-01	
   1.7611487989323843e-01	
   1.7558663256227758e-01	
   1.7325817393238435e-01	
   1.7297319839857650e-01	
   1.7349449510676157e-01	
   1.7445368104982206e-01	
   1.7481511343416370e-01	
   1.7651801601423486e-01	
   1.7711576957295375e-01	
   1.7854064724199289e-01	
   1.7922875889679715e-01	
   1.7872136343416370e-01	
   1.7974310498220641e-01	
   1.8032000667259787e-01	
   1.8047987099644128e-01	
   1.8125834074733096e-01	
   1.8159892126334520e-01	
   1.8196035364768684e-01	
   1.8212021797153025e-01	
   1.8233568727758007e-01	
   1.9012733540925267e-01	
   1.9392237544483987e-01	
   1.3277079626334520e-01	
   1.2783585409252668e-01	
   1.2481928380782918e-01	
   1.2496524688612100e-01	
   1.2509730871886121e-01	
   1.2506950622775800e-01	
   1.2448565391459075e-01	
   1.2681411254448399e-01	
   1.2812778024911031e-01	
   1.3165174599644128e-01	
   1.3798376334519574e-01	
   1.4440613879003558e-01	
   1.5135676156583630e-01	
   1.5570090080071175e-01	
   1.6158807829181496e-01	
   1.6648826734875444e-01	
   1.6996357873665480e-01	
   1.7450233540925267e-01	
   1.7779693060498220e-01	
   1.8027135231316727e-01	
   1.8332267571174377e-01	
   1.8608207295373666e-01	
   1.8531750444839859e-01	
   1.8636009786476868e-01	
   1.8389262677935944e-01	
   1.7834602980427047e-01	
   1.7387677935943061e-01	
   1.7188890124555159e-01	
   1.7129114768683273e-01	
   1.7094361654804271e-01	
   1.7252835854092527e-01	
   1.7412005115658363e-01	
   1.7528775578291814e-01	
   1.7707406583629892e-01	
   1.7816531361209964e-01	
   1.7888122775800711e-01	
   1.8002112989323843e-01	
   1.7975700622775800e-01	
   1.8045901912811388e-01	
   1.8051462411032029e-01	
   1.8020879670818504e-01	
   1.8155721752669038e-01	
   1.8144600756227758e-01	
   1.8191864991103202e-01	
   1.8134869884341637e-01	
   1.8466414590747332e-01	
   1.9239323843416370e-01	
   1.9702930382562278e-01	
   1.3166564724199289e-01	
   1.3104704181494661e-01	
   1.2693922375444841e-01	
   1.2414507339857651e-01	
   1.2556300044483987e-01	
   1.2693227313167260e-01	
   1.2809302713523132e-01	
   1.2933718861209964e-01	
   1.2880199065836298e-01	
   1.3277774688612098e-01	
   1.3865102313167260e-01	
   1.4293260676156583e-01	
   1.4827763567615659e-01	
   1.5315697286476868e-01	
   1.5671569172597866e-01	
   1.5907890346975090e-01	
   1.6290869661921709e-01	
   1.6727368772241993e-01	
   1.7159002446619218e-01	
   1.7528775578291814e-01	
   1.7592026245551601e-01	
   1.8141820507117437e-01	
   1.8671457962633453e-01	
   1.9208741103202848e-01	
   1.8280137900355872e-01	
   1.7788033807829182e-01	
   1.7218777802491103e-01	
   1.6864296040925267e-01	
   1.6811471307829182e-01	
   1.6907389902135231e-01	
   1.7110348087188612e-01	
   1.7336243327402134e-01	
   1.7527385453736655e-01	
   1.7717832517793594e-01	
   1.7851284475088969e-01	
   1.7952763567615659e-01	
   1.7975700622775800e-01	
   1.8086215524911031e-01	
   1.8103592081850534e-01	
   1.8062583407473309e-01	
   1.8045901912811388e-01	
   1.8085520462633453e-01	
   1.8107762455516013e-01	
   1.8152246441281139e-01	
   1.8375361432384341e-01	
   1.8654081405693951e-01	
   1.9376946174377224e-01	
   2.0029609653024910e-01	
