   1.6237677e+01
   1.4881310e+01
   3.4582469e+00
   2.1598757e+00
   1.6344529e+00
   1.4162281e+00
   1.1027658e+00
   8.5802979e-01
   7.7201116e-01
   6.7463315e-01
   6.6029746e-01
   5.9620751e-01
   4.9361793e-01
   4.5392442e-01
   3.8113537e-01
   3.6200348e-01
   3.1463003e-01
   3.0196186e-01
   2.8040362e-01
   2.6816888e-01
   2.4586952e-01
   2.3401295e-01
   2.2605253e-01
   2.1270514e-01
   1.9502123e-01
   1.8510895e-01
   1.7863773e-01
   1.6810944e-01
   1.6644270e-01
   1.6200690e-01
   1.5311653e-01
   1.4354678e-01
   1.3987038e-01
   1.3858010e-01
   1.2739080e-01
   1.2071096e-01
   1.1795612e-01
   1.1313775e-01
   1.0688639e-01
   1.0475268e-01
   1.0076765e-01
   9.8898956e-02
   9.2862731e-02
   9.1094848e-02
   8.8368061e-02
   8.7478882e-02
   8.4868365e-02
   8.0049918e-02
   7.8639879e-02
   7.3040024e-02
   7.2300643e-02
   7.1359725e-02
   6.9485588e-02
   6.7278942e-02
   6.5838538e-02
   6.3028393e-02
   6.2135918e-02
   6.1048616e-02
   5.9514154e-02
   5.9037031e-02
   5.5179398e-02
   5.4785393e-02
   5.3047494e-02
   5.2050866e-02
   5.1344661e-02
   4.9934642e-02
   4.9619447e-02
   4.9026641e-02
   4.7060053e-02
   4.6020183e-02
   4.5146465e-02
   4.5028544e-02
   4.2909221e-02
   4.2471487e-02
   4.1306160e-02
   4.1142849e-02
   4.0713224e-02
   3.9978931e-02
   3.9577711e-02
   3.8475935e-02
   3.8083124e-02
   3.6963744e-02
   3.6549747e-02
   3.5887319e-02
   3.5584324e-02
   3.4917919e-02
   3.4604165e-02
   3.3408082e-02
   3.3041434e-02
   3.2589902e-02
   3.2003661e-02
   3.1436386e-02
   3.0715212e-02
   3.0563047e-02
   2.9971325e-02
   2.9435253e-02
   2.8625264e-02
   2.8386705e-02
   2.7779653e-02
   2.7754154e-02
