   1.4022493527042579e-01	
   1.3923151611047180e-01	
   1.4026089614499423e-01	
   1.4451776467203684e-01	
   1.4740362485615649e-01	
   1.4915671749136938e-01	
   1.5406537686996546e-01	
   1.5921677215189872e-01	
   1.6475924194476410e-01	
   1.7178959292289989e-01	
   1.8007407940161105e-01	
   1.9175237341772153e-01	
   2.0172702100115075e-01	
   2.1324349108170310e-01	
   2.2250791139240506e-01	
   2.2890894706559264e-01	
   2.3316581559263522e-01	
   2.3484249136939012e-01	
   2.3574151323360185e-01	
   2.3565610615650173e-01	
   2.3579994965477560e-01	
   2.3563812571921749e-01	
   2.3489643268124280e-01	
   2.3356588032220943e-01	
   2.3300848676639815e-01	
   2.3236119102416572e-01	
   2.3247806386651323e-01	
   2.3209597957422323e-01	
   2.3053617663981588e-01	
   2.2848191168009205e-01	
   2.2544771288837745e-01	
   2.2119084436133488e-01	
   2.1585514959723820e-01	
   2.1294231875719216e-01	
   2.0943613348676640e-01	
   2.0462636651323360e-01	
   2.0054480724971233e-01	
   1.9850852272727273e-01	
   1.9634637514384351e-01	
   1.9587888377445339e-01	
   1.9790168296892979e-01	
   2.0193829113924050e-01	
   2.0594343354430381e-01	
   2.0874388665132337e-01	
   2.0985867376294592e-01	
   2.0827639528193326e-01	
   2.0715711306098963e-01	
   2.0393411967779057e-01	
   1.4479196634062141e-01	
   1.4565502733026467e-01	
   1.4904883486766399e-01	
   1.5270785385500577e-01	
   1.5469469217491369e-01	
   1.6065970224395856e-01	
   1.6630106444188722e-01	
   1.7308867951668586e-01	
   1.7950320051783658e-01	
   1.8966214758342922e-01	
   1.9871529775604144e-01	
   2.0927880466052934e-01	
   2.1882192174913695e-01	
   2.2924608026467203e-01	
   2.3723838463751437e-01	
   2.4330678222094362e-01	
   2.4580156789413118e-01	
   2.4532508630609898e-01	
   2.4421029919447640e-01	
   2.4225492663981588e-01	
   2.4022313722669736e-01	
   2.3853747123130034e-01	
   2.3681134925201380e-01	
   2.3548978711162255e-01	
   2.3504027617951670e-01	
   2.3443343642117376e-01	
   2.3378164556962025e-01	
   2.3346249280782508e-01	
   2.3145767405063292e-01	
   2.2905728567318756e-01	
   2.2544771288837745e-01	
   2.2147853135788262e-01	
   2.1754081559263522e-01	
   2.1243886651323360e-01	
   2.0786284522439585e-01	
   2.0217203682393556e-01	
   1.9783425632911392e-01	
   1.9447191455696203e-01	
   1.9135680379746836e-01	
   1.9074546892980437e-01	
   1.9168494677790565e-01	
   1.9260194907940162e-01	
   1.9490794016110471e-01	
   1.9662507192174913e-01	
   1.9671047899884925e-01	
   1.9835568901035674e-01	
   1.9720943613348677e-01	
   1.9667451812428077e-01	
   1.5277528049482164e-01	
   1.5435306386651323e-01	
   1.5758504746835442e-01	
   1.6076758486766399e-01	
   1.6588301927502877e-01	
   1.7375395569620253e-01	
   1.8017297180667433e-01	
   1.8816527617951670e-01	
   1.9515966628308401e-01	
   2.0492304372842349e-01	
   2.1358961449942462e-01	
   2.2371709579976984e-01	
   2.3310288406214039e-01	
   2.4330228711162255e-01	
   2.5198683831990792e-01	
   2.5651341340621403e-01	
   2.5713373849252014e-01	
   2.5491315448791713e-01	
   2.5190143124280784e-01	
   2.4795023014959724e-01	
   2.4373381760644419e-01	
   2.4105023734177214e-01	
   2.3814190161104717e-01	
   2.3643825517836595e-01	
   2.3544034090909091e-01	
   2.3535493383199080e-01	
   2.3501330552359034e-01	
   2.3366926783659378e-01	
   2.3192516542002301e-01	
   2.2961467922899884e-01	
   2.2601409666283084e-01	
   2.2291247123130034e-01	
   2.1832745972382048e-01	
   2.1309515247410818e-01	
   2.0768753596087458e-01	
   2.0238330696202531e-01	
   1.9584292289988492e-01	
   1.9105563147295743e-01	
   1.8696957710011508e-01	
   1.8426352128883774e-01	
   1.8386345655926353e-01	
   1.8483440017261218e-01	
   1.8547270569620253e-01	
   1.8719433256616802e-01	
   1.8738312715765248e-01	
   1.8847094361334868e-01	
   1.8925309263521289e-01	
   1.8852488492520139e-01	
   1.6020569620253164e-01	
   1.6258810414269276e-01	
   1.6656178078250863e-01	
   1.7165024453394706e-01	
   1.7820860903337168e-01	
   1.8600312859608745e-01	
   1.9315934263521289e-01	
   2.0222148302646720e-01	
   2.1001600258918296e-01	
   2.1873651467203684e-01	
   2.2660295598388952e-01	
   2.3519310989643269e-01	
   2.4670957997698503e-01	
   2.5729556242807827e-01	
   2.6553959292289986e-01	
   2.6810630034522437e-01	
   2.6770174050632911e-01	
   2.6386291714614502e-01	
   2.5849126150747986e-01	
   2.5270156070195626e-01	
   2.4757713607594936e-01	
   2.4307303653624857e-01	
   2.4040294159953970e-01	
   2.3790366081703107e-01	
   2.3639779919447640e-01	
   2.3572802790563865e-01	
   2.3522457566168009e-01	
   2.3367376294591485e-01	
   2.3217239643268126e-01	
   2.2992933688147296e-01	
   2.2639618095512082e-01	
   2.2280908371691599e-01	
   2.1815664556962025e-01	
   2.1241189585730724e-01	
   2.0729646144994246e-01	
   2.0224395857307251e-01	
   1.9561367232451093e-01	
   1.9010266829689298e-01	
   1.8501869965477560e-01	
   1.8142710730724970e-01	
   1.7951219073647870e-01	
   1.7866711018411968e-01	
   1.7949421029919449e-01	
   1.8027635932105868e-01	
   1.8143609752589182e-01	
   1.8220026611047180e-01	
   1.8338697497123130e-01	
   1.8390391254315305e-01	
   1.6932177790563865e-01	
   1.7198737773302647e-01	
   1.7598802502876870e-01	
   1.8324762658227847e-01	
   1.9040833573072496e-01	
   1.9858493958573073e-01	
   2.0670310701956271e-01	
   2.1347274165707711e-01	
   2.2071885788262371e-01	
   2.2910673187571923e-01	
   2.3641128452243959e-01	
   2.4390463176064442e-01	
   2.5701237054085158e-01	
   2.6891991513233604e-01	
   2.7645371835443039e-01	
   2.7809892836593786e-01	
   2.7621098245109321e-01	
   2.7058310558112775e-01	
   2.6357972525891832e-01	
   2.5603693181818182e-01	
   2.4962690592635212e-01	
   2.4462834436133488e-01	
   2.4093336449942462e-01	
   2.3866333429228997e-01	
   2.3710802646720369e-01	
   2.3623148014959724e-01	
   2.3472561852704257e-01	
   2.3366477272727273e-01	
   2.3190268987341772e-01	
   2.2937643843498273e-01	
   2.2657149021864212e-01	
   2.2315970224395856e-01	
   2.1803527761795166e-01	
   2.1246134205983891e-01	
   2.0702225978135788e-01	
   2.0171353567318756e-01	
   1.9488096950517836e-01	
   1.8936547036823936e-01	
   1.8388593210586882e-01	
   1.7960658803222093e-01	
   1.7621727560414269e-01	
   1.7494066455696203e-01	
   1.7418998130034521e-01	
   1.7395174050632911e-01	
   1.7537669016110471e-01	
   1.7686007623705408e-01	
   1.7833447209436135e-01	
   1.8010554516685845e-01	
   1.7683760069044879e-01	
   1.8153498993095513e-01	
   1.8812032508630611e-01	
   1.9426064441887228e-01	
   2.0183939873417722e-01	
   2.0966987917146146e-01	
   2.1738348676639815e-01	
   2.2307429516685845e-01	
   2.3144418872266972e-01	
   2.3767441024165709e-01	
   2.4185935701956271e-01	
   2.5219361334867663e-01	
   2.6541372986191025e-01	
   2.7643124280782511e-01	
   2.8284126869965476e-01	
   2.8462582710011508e-01	
   2.8168602560414269e-01	
   2.7496134205983891e-01	
   2.6646558544303800e-01	
   2.5698090477560415e-01	
   2.5118670886075950e-01	
   2.4512730149597239e-01	
   2.4151323360184121e-01	
   2.3897799194476410e-01	
   2.3658209867663982e-01	
   2.3526952675489068e-01	
   2.3449187284234752e-01	
   2.3335461018411968e-01	
   2.3152510069044879e-01	
   2.2908875143843499e-01	
   2.2649507336018412e-01	
   2.2236406789413118e-01	
   2.1754531070195626e-01	
   2.1249280782508631e-01	
   2.0674805811277330e-01	
   2.0046839039125430e-01	
   1.9404487917146146e-01	
   1.8839003164556961e-01	
   1.8358475978135788e-01	
   1.7908965046029920e-01	
   1.7516092491369389e-01	
   1.7233799626006904e-01	
   1.7120522871116226e-01	
   1.7049050632911392e-01	
   1.7003200517836595e-01	
   1.7144346950517836e-01	
   1.7251330552359034e-01	
   1.7523734177215189e-01	
   1.8614247698504027e-01	
   1.9146019131185271e-01	
   1.9869282220943613e-01	
   2.0590297756041426e-01	
   2.1318954976985041e-01	
   2.2096159378596086e-01	
   2.2646360759493672e-01	
   2.2966412543153050e-01	
   2.3626744102416572e-01	
   2.4012424482163405e-01	
   2.4428671605293439e-01	
   2.5683706127733025e-01	
   2.7011111910241659e-01	
   2.8160061852704260e-01	
   2.8740380466052934e-01	
   2.8827585586881471e-01	
   2.8498094073647873e-01	
   2.7787417289988492e-01	
   2.6812877589182971e-01	
   2.5836989355581130e-01	
   2.5101589470655927e-01	
   2.4498345799769849e-01	
   2.4101877157652474e-01	
   2.3857792721518986e-01	
   2.3618203394706561e-01	
   2.3475708429228997e-01	
   2.3411428365937859e-01	
   2.3273878020713465e-01	
   2.3123291858457998e-01	
   2.2830210730724970e-01	
   2.2528139384349827e-01	
   2.2148302646720369e-01	
   2.1700140247410818e-01	
   2.1181854142692749e-01	
   2.0627157652474107e-01	
   2.0036050776754891e-01	
   1.9457530207134638e-01	
   1.8802143268124280e-01	
   1.8268124280782508e-01	
   1.7842437428078251e-01	
   1.7402366225546606e-01	
   1.7078268843498273e-01	
   1.6889024741081704e-01	
   1.6713715477560415e-01	
   1.6644490794016109e-01	
   1.6714164988492519e-01	
   1.6781142117376294e-01	
   1.6978926927502877e-01	
   1.9677341052934408e-01	
   2.0305307825086305e-01	
   2.1016434119677790e-01	
   2.1683058831990795e-01	
   2.2268322065592636e-01	
   2.2827513665132337e-01	
   2.3094972669735328e-01	
   2.3420418584579977e-01	
   2.3968821921749137e-01	
   2.4137838032220943e-01	
   2.4559928797468356e-01	
   2.5928240074798620e-01	
   2.7089326812428077e-01	
   2.8345260356731877e-01	
   2.9098640678941312e-01	
   2.9170112917146146e-01	
   2.8721501006904487e-01	
   2.7863384637514382e-01	
   2.6851535529344073e-01	
   2.5873849252013809e-01	
   2.5136201812428077e-01	
   2.4557681242807824e-01	
   2.4066815304948216e-01	
   2.3774633199079401e-01	
   2.3573701812428077e-01	
   2.3379063578826237e-01	
   2.3328268843498273e-01	
   2.3225330840046030e-01	
   2.3035637226697353e-01	
   2.2722328107019563e-01	
   2.2493077531645569e-01	
   2.2021990074798620e-01	
   2.1593156645569619e-01	
   2.1124766254315305e-01	
   2.0559731012658228e-01	
   1.9971770713463752e-01	
   1.9384259925201380e-01	
   1.8772475546605294e-01	
   1.8212834436133488e-01	
   1.7721069476409665e-01	
   1.7332692031070196e-01	
   1.6967689154200230e-01	
   1.6683148734177214e-01	
   1.6539305235903337e-01	
   1.6391416139240506e-01	
   1.6352308688147296e-01	
   1.6387370540851554e-01	
   1.6549194476409665e-01	
   2.0612323791714615e-01	
   2.1340081990794016e-01	
   2.2039521001150747e-01	
   2.2576237054085155e-01	
   2.3095422180667433e-01	
   2.3272978998849253e-01	
   2.3428959292289989e-01	
   2.3613708285385501e-01	
   2.4078952100115075e-01	
   2.3944098820483314e-01	
   2.4413388233601840e-01	
   2.5940376869965476e-01	
   2.7046173762945913e-01	
   2.8438758630609895e-01	
   2.9121116225546606e-01	
   2.9325643699654774e-01	
   2.8767351121979284e-01	
   2.7857091484464902e-01	
   2.6813776611047180e-01	
   2.5880591915995399e-01	
   2.5102038981588032e-01	
   2.4486209004602991e-01	
   2.4070860903337168e-01	
   2.3701362917146146e-01	
   2.3512118814729574e-01	
   2.3396144994246260e-01	
   2.3215441599539702e-01	
   2.3104861910241656e-01	
   2.2902581990794016e-01	
   2.2664790707710011e-01	
   2.2358224252013809e-01	
   2.1993221375143843e-01	
   2.1534720224395856e-01	
   2.1070375431530494e-01	
   2.0517926495972383e-01	
   1.9960083429228997e-01	
   1.9289862629459148e-01	
   1.8750449510932105e-01	
   1.8191707422324510e-01	
   1.7718372410817032e-01	
   1.7325050345224396e-01	
   1.6893519850402761e-01	
   1.6576165132336018e-01	
   1.6334777761795166e-01	
   1.6171605293440736e-01	
   1.6061475115074800e-01	
   1.6101481588032221e-01	
   1.6168908227848100e-01	
   2.1625970943613348e-01	
   2.2240452387802070e-01	
   2.2863025028768699e-01	
   2.3300399165707711e-01	
   2.3409630322209435e-01	
   2.3623597525891829e-01	
   2.3473460874568469e-01	
   2.3795310701956271e-01	
   2.3822730868814729e-01	
   2.3714398734177214e-01	
   2.4223694620253164e-01	
   2.5770461737629458e-01	
   2.6892890535097813e-01	
   2.8342563291139239e-01	
   2.9188093354430378e-01	
   2.9429480724971230e-01	
   2.8799715909090912e-01	
   2.7838212025316456e-01	
   2.6858727704257768e-01	
   2.5854969792865362e-01	
   2.5097993383199080e-01	
   2.4452945195627157e-01	
   2.3998939154200230e-01	
   2.3660457422324510e-01	
   2.3406034234752590e-01	
   2.3246008342922900e-01	
   2.3063956415420023e-01	
   2.2921461449942462e-01	
   2.2758288981588032e-01	
   2.2486334867663982e-01	
   2.2200895425776754e-01	
   2.1801280207134638e-01	
   2.1379189441887228e-01	
   2.0944961881472957e-01	
   2.0413190448791715e-01	
   1.9885914125431531e-01	
   1.9307393555811278e-01	
   1.8704149884925200e-01	
   1.8201147151898733e-01	
   1.7656789413118526e-01	
   1.7262118814729574e-01	
   1.6888575230149597e-01	
   1.6555487629459148e-01	
   1.6211162255466052e-01	
   1.5993149453394706e-01	
   1.5838967203682394e-01	
   1.5790869533947066e-01	
   1.5847058400460298e-01	
   2.2434641110471806e-01	
   2.3116998705408515e-01	
   2.3592131760644419e-01	
   2.3720242376294592e-01	
   2.3626294591484465e-01	
   2.3479754027617952e-01	
   2.3328268843498273e-01	
   2.3568757192174913e-01	
   2.3074744677790565e-01	
   2.3214542577675490e-01	
   2.3806548475258918e-01	
   2.5331289556962028e-01	
   2.6674877733026470e-01	
   2.8119605868814729e-01	
   2.9185396288837745e-01	
   2.9476229861910241e-01	
   2.8857702819332565e-01	
   2.7872374856156501e-01	
   2.6859626726121977e-01	
   2.5904865506329117e-01	
   2.5070573216340619e-01	
   2.4466880034522440e-01	
   2.3984105293440736e-01	
   2.3615506329113925e-01	
   2.3333213463751437e-01	
   2.3118796749136938e-01	
   2.2910673187571923e-01	
   2.2749298762945916e-01	
   2.2575787543153050e-01	
   2.2336647727272727e-01	
   2.2023788118527043e-01	
   2.1707332422324510e-01	
   2.1241189585730724e-01	
   2.0819098820483314e-01	
   2.0343066743383198e-01	
   1.9755106444188722e-01	
   1.9247608601841196e-01	
   1.8705048906789412e-01	
   1.8184515247410818e-01	
   1.7682411536248563e-01	
   1.7230203538550057e-01	
   1.6829689298043729e-01	
   1.6470530063291139e-01	
   1.6155422899884925e-01	
   1.5876276611047180e-01	
   1.5648824079401610e-01	
   1.5546785097813579e-01	
   1.5550830696202531e-01	
   2.3248255897583428e-01	
   2.3827225978135788e-01	
   2.4081199654775604e-01	
   2.3938704689298043e-01	
   2.3569656214039125e-01	
   2.3309838895281934e-01	
   2.3044177934407364e-01	
   2.2948881616800920e-01	
   2.2591520425776754e-01	
   2.2592868958573073e-01	
   2.3328718354430381e-01	
   2.4755016542002301e-01	
   2.6182663262370542e-01	
   2.7964524597238205e-01	
   2.8940862341772150e-01	
   2.9349917289988492e-01	
   2.8921533371691599e-01	
   2.7860687571921749e-01	
   2.6835802646720369e-01	
   2.5939028337169162e-01	
   2.5173061708860761e-01	
   2.4559479286536248e-01	
   2.4080300632911392e-01	
   2.3678887370540852e-01	
   2.3279272151898733e-01	
   2.3024399453394706e-01	
   2.2819871979286535e-01	
   2.2543422756041426e-01	
   2.2364067894131184e-01	
   2.2187410097813579e-01	
   2.1932537399309551e-01	
   2.1522583429228997e-01	
   2.1124316743383198e-01	
   2.0678851409666282e-01	
   2.0269346950517836e-01	
   1.9727686277330264e-01	
   1.9174787830840045e-01	
   1.8693361622554661e-01	
   1.8184065736478711e-01	
   1.7679714470655927e-01	
   1.7276053653624857e-01	
   1.6873741369390102e-01	
   1.6475025172612198e-01	
   1.6108224252013809e-01	
   1.5782328826237055e-01	
   1.5478009925201380e-01	
   1.5357540995397009e-01	
   1.5333716915995396e-01	
   2.4095584004602991e-01	
   2.4430919159953970e-01	
   2.4559029775604144e-01	
   2.3982756760644419e-01	
   2.3469415276179517e-01	
   2.2910223676639815e-01	
   2.2666139240506328e-01	
   2.2401826812428077e-01	
   2.2006257192174913e-01	
   2.1900622123130034e-01	
   2.2830210730724970e-01	
   2.4207961737629460e-01	
   2.5723712600690452e-01	
   2.7604466340621403e-01	
   2.8712061277330264e-01	
   2.9235292002301494e-01	
   2.8908947065592633e-01	
   2.7822029631760642e-01	
   2.6841646288837745e-01	
   2.6032526611047180e-01	
   2.5281393843498273e-01	
   2.4664215333716916e-01	
   2.4108619821634061e-01	
   2.3682483457997699e-01	
   2.3279721662830841e-01	
   2.2949780638665132e-01	
   2.2698504027617952e-01	
   2.2392836593785961e-01	
   2.2259781357882624e-01	
   2.1997716484464902e-01	
   2.1726211881472957e-01	
   2.1392225258918296e-01	
   2.0965189873417722e-01	
   2.0565125143843499e-01	
   2.0129998561565018e-01	
   1.9697569044879171e-01	
   1.9177934407364788e-01	
   1.8700104286536248e-01	
   1.8166984321058688e-01	
   1.7748939154200230e-01	
   1.7357415132336018e-01	
   1.6901611047180667e-01	
   1.6497950230149597e-01	
   1.6081253596087458e-01	
   1.5698719792865362e-01	
   1.5351697353279631e-01	
   1.5149866944764095e-01	
   1.5032994102416572e-01	
   2.4744228279631761e-01	
   2.5075068325661681e-01	
   2.4826039269275030e-01	
   2.3890607019562715e-01	
   2.3243311277330264e-01	
   2.2466556386651323e-01	
   2.2189657652474107e-01	
   2.1866908803222093e-01	
   2.1363456559263522e-01	
   2.1236694476409665e-01	
   2.2143358026467203e-01	
   2.3475258918296893e-01	
   2.5289934551208287e-01	
   2.7389150604142692e-01	
   2.8607325230149599e-01	
   2.9149435414269276e-01	
   2.8831631185270423e-01	
   2.7878218498273877e-01	
   2.7024597238204834e-01	
   2.6135015103567316e-01	
   2.5396918153049480e-01	
   2.4810755897583428e-01	
   2.4172899884925200e-01	
   2.3653265247410818e-01	
   2.3238366657077100e-01	
   2.2886849108170310e-01	
   2.2559605149597239e-01	
   2.2329455552359034e-01	
   2.2102902042577677e-01	
   2.1853423475258918e-01	
   2.1535619246260068e-01	
   2.1143645713463752e-01	
   2.0837079257767549e-01	
   2.0421281645569619e-01	
   2.0039646864211738e-01	
   1.9567660385500577e-01	
   1.9170292721518986e-01	
   1.8691563578826237e-01	
   1.8229915851553510e-01	
   1.7805577531645569e-01	
   1.7374496547756041e-01	
   1.6964542577675490e-01	
   1.6510536536248563e-01	
   1.6063273158803221e-01	
   1.5632641685845799e-01	
   1.5246511795166859e-01	
   1.4970062571921749e-01	
   1.4771378739930954e-01	
   2.5435126582278483e-01	
   2.5613132911392406e-01	
   2.4930325805523590e-01	
   2.3744515966628307e-01	
   2.2938542865362485e-01	
   2.1857019562715765e-01	
   2.1723514815880321e-01	
   2.1412902761795166e-01	
   2.0585802646720369e-01	
   2.0575463895281934e-01	
   2.1434479286536248e-01	
   2.2864823072497123e-01	
   2.4834579976985041e-01	
   2.6879854718066742e-01	
   2.8368185414269276e-01	
   2.8952999136939012e-01	
   2.8698575949367089e-01	
   2.7946094649021863e-01	
   2.7147313722669736e-01	
   2.6371907364787112e-01	
   2.5609986334867663e-01	
   2.4898410529344073e-01	
   2.4222795598388952e-01	
   2.3666301064441886e-01	
   2.3236119102416572e-01	
   2.2823468066743383e-01	
   2.2490829976985041e-01	
   2.2217976841196779e-01	
   2.1887136795166859e-01	
   2.1633612629459148e-01	
   2.1287039700805524e-01	
   2.0964740362485615e-01	
   2.0679300920598390e-01	
   2.0236982163406214e-01	
   1.9894904344073647e-01	
   1.9533497554660528e-01	
   1.9106012658227847e-01	
   1.8665941455696203e-01	
   1.8212384925201380e-01	
   1.7908066024165709e-01	
   1.7486874280782508e-01	
   1.7045454545454544e-01	
   1.6534810126582278e-01	
   1.6036752013808975e-01	
   1.5584993527042579e-01	
   1.5167397871116226e-01	
   1.4839704401611048e-01	
   1.4575391973532797e-01	
   2.6157940161104720e-01	
   2.6008702531645572e-01	
   2.4923583141542002e-01	
   2.3526053653624857e-01	
   2.2295742232451093e-01	
   2.1355365362485615e-01	
   2.1133306962025317e-01	
   2.1035763089758344e-01	
   2.0276988636363635e-01	
   2.0014024741081704e-01	
   2.0674356300345226e-01	
   2.2292146144994246e-01	
   2.4302359033371693e-01	
   2.6381347094361335e-01	
   2.8048583141542005e-01	
   2.8697227416570770e-01	
   2.8516074510932105e-01	
   2.8036446346375143e-01	
   2.7416570771001153e-01	
   2.6532832278481011e-01	
   2.5690898302646720e-01	
   2.4964938147295743e-01	
   2.4252013808975834e-01	
   2.3673942750287688e-01	
   2.3215441599539702e-01	
   2.2846393124280784e-01	
   2.2496673619102417e-01	
   2.2152797756041426e-01	
   2.1785097813578827e-01	
   2.1420094936708861e-01	
   2.1119821634062141e-01	
   2.0771450661680091e-01	
   2.0457692031070196e-01	
   2.0117861766398160e-01	
   1.9794213895281934e-01	
   1.9486748417721519e-01	
   1.9093426352128884e-01	
   1.8676280207134638e-01	
   1.8300489067894132e-01	
   1.8011004027617952e-01	
   1.7581721087456847e-01	
   1.7053995253164558e-01	
   1.6567174913693902e-01	
   1.6028660817031071e-01	
   1.5521162974683544e-01	
   1.5109860471806674e-01	
   1.4702603567318756e-01	
   1.4374460586881474e-01	
   2.6860975258918296e-01	
   2.6433939873417722e-01	
   2.4784684263521289e-01	
   2.3137226697353280e-01	
   2.1544159953970080e-01	
   2.0951255034522440e-01	
   2.0744480005753740e-01	
   2.0599737485615649e-01	
   1.9732630897583428e-01	
   1.9308742088607594e-01	
   1.9916031357882624e-01	
   2.1608440017261218e-01	
   2.3593929804372843e-01	
   2.5725061133486765e-01	
   2.7642225258918296e-01	
   2.8469325373993093e-01	
   2.8508882336018410e-01	
   2.8105671029919449e-01	
   2.7639078682393559e-01	
   2.6902779775604141e-01	
   2.5871601697353280e-01	
   2.5022925057537398e-01	
   2.4294717347525893e-01	
   2.3731480149597239e-01	
   2.3308490362485615e-01	
   2.2940340909090909e-01	
   2.2533983026467203e-01	
   2.2144706559263522e-01	
   2.1724413837744533e-01	
   2.1313560845799770e-01	
   2.0921137802071346e-01	
   2.0561978567318756e-01	
   2.0268447928653624e-01	
   1.9909288693901037e-01	
   1.9669699367088608e-01	
   1.9394149165707711e-01	
   1.9133882336018412e-01	
   1.8784162830840045e-01	
   1.8436241369390102e-01	
   1.8127427359033371e-01	
   1.7738600402761795e-01	
   1.7262568325661681e-01	
   1.6626510356731874e-01	
   1.6053833429228997e-01	
   1.5508127157652474e-01	
   1.5029847525891829e-01	
   1.4600115074798620e-01	
   1.4241405350978137e-01	
   2.7435450230149599e-01	
   2.6629926639815882e-01	
   2.4548691024165709e-01	
   2.2752445339470656e-01	
   2.1108134349827387e-01	
   2.0519275028768699e-01	
   2.0418135069044879e-01	
   2.0108871547756041e-01	
   1.9268286104718066e-01	
   1.8792703538550057e-01	
   1.9375719217491369e-01	
   2.0943613348676640e-01	
   2.2950230149597239e-01	
   2.5236442750287685e-01	
   2.7309137658227850e-01	
   2.8236029200230151e-01	
   2.8498094073647873e-01	
   2.8298960730724970e-01	
   2.7808544303797467e-01	
   2.7172036823935558e-01	
   2.6132318037974683e-01	
   2.5138449367088606e-01	
   2.4407095080552360e-01	
   2.3830372554660528e-01	
   2.3345350258918296e-01	
   2.2996529775604144e-01	
   2.2582530207134638e-01	
   2.2135716340621403e-01	
   2.1573827675489068e-01	
   2.1092401467203684e-01	
   2.0690538693901037e-01	
   2.0294969073647870e-01	
   2.0043692462600690e-01	
   1.9755106444188722e-01	
   1.9564963319907941e-01	
   1.9422468354430381e-01	
   1.9132983314154201e-01	
   1.8787758918296893e-01	
   1.8498273878020713e-01	
   1.8205192750287688e-01	
   1.7881095368239355e-01	
   1.7374946058688148e-01	
   1.6761813147295743e-01	
   1.6104178653624857e-01	
   1.5542289988492519e-01	
   1.4998381760644419e-01	
   1.4495379027617952e-01	
   1.4120936421173763e-01	
   2.8133540707710014e-01	
   2.6843444332566169e-01	
   2.4263701093210588e-01	
   2.2337996260069046e-01	
   2.0706271576524740e-01	
   2.0302610759493672e-01	
   2.0011777186421173e-01	
   1.9935360327963175e-01	
   1.8961270138089759e-01	
   1.8441185989643269e-01	
   1.8982397151898733e-01	
   2.0452297899884925e-01	
   2.2554211018411968e-01	
   2.4879980581127734e-01	
   2.6822317318757194e-01	
   2.8060270425776757e-01	
   2.8442354718066742e-01	
   2.8479664125431531e-01	
   2.8005879602991945e-01	
   2.7317228855005754e-01	
   2.6215028049482164e-01	
   2.5209472094361335e-01	
   2.4466430523590335e-01	
   2.3950841484464902e-01	
   2.3442444620253164e-01	
   2.3050471087456847e-01	
   2.2626132767548907e-01	
   2.2106498130034521e-01	
   2.1507300057537398e-01	
   2.0923385356731874e-01	
   2.0378578107019563e-01	
   1.9974018268124280e-01	
   1.9747015247410818e-01	
   1.9612611478711162e-01	
   1.9533048043728424e-01	
   1.9406735471806674e-01	
   1.9147367663981588e-01	
   1.8840801208285385e-01	
   1.8621439873417722e-01	
   1.8391739787111622e-01	
   1.8009655494821633e-01	
   1.7503955696202531e-01	
   1.6825194188722670e-01	
   1.6199924482163405e-01	
   1.5531951237054084e-01	
   1.4964668440736478e-01	
   1.4445033803222093e-01	
   1.3998669447640966e-01	
   2.8543944188722670e-01	
   2.7011561421173763e-01	
   2.4226391685845799e-01	
   2.1994569907940162e-01	
   2.0385320771001150e-01	
   1.9924122554660528e-01	
   1.9480005753739932e-01	
   1.9790617807825087e-01	
   1.8615146720368239e-01	
   1.8335101409666282e-01	
   1.8649759062140392e-01	
   1.9964129027617952e-01	
   2.1908263808975834e-01	
   2.4415186277330264e-01	
   2.6282005178365936e-01	
   2.7821580120828537e-01	
   2.8472921461449940e-01	
   2.8642387082853854e-01	
   2.8062068469505180e-01	
   2.7412974683544306e-01	
   2.6273014959723823e-01	
   2.5269706559263522e-01	
   2.4517225258918296e-01	
   2.3937356156501727e-01	
   2.3398842059838895e-01	
   2.3121044303797469e-01	
   2.2720080552359034e-01	
   2.2134367807825087e-01	
   2.1420993958573073e-01	
   2.0742232451093209e-01	
   2.0094487197928654e-01	
   1.9760500575373993e-01	
   1.9507425920598390e-01	
   1.9502930811277330e-01	
   1.9410331559263522e-01	
   1.9342455408515535e-01	
   1.9158605437284235e-01	
   1.8927556818181818e-01	
   1.8791355005753740e-01	
   1.8557609321058688e-01	
   1.8157544591484465e-01	
   1.7634313866513235e-01	
   1.6933526323360185e-01	
   1.6278588895281934e-01	
   1.5611514672036825e-01	
   1.4934101697353280e-01	
   1.4349737485615649e-01	
   1.3881796605293439e-01	
   2.8925578970080551e-01	
   2.7297450373993093e-01	
   2.4287525172612198e-01	
   2.1813417002301497e-01	
   2.0149777042577677e-01	
   1.9602722238204834e-01	
   1.9379764815880321e-01	
   1.9471914556962025e-01	
   1.8384997123130034e-01	
   1.7999316743383198e-01	
   1.8736065161104717e-01	
   1.9585191311852704e-01	
   2.1336036392405064e-01	
   2.3754854718066742e-01	
   2.5731803797468356e-01	
   2.7660205696202533e-01	
   2.8645084148446492e-01	
   2.8812751726121977e-01	
   2.8344361334867663e-01	
   2.7579743239355581e-01	
   2.6344936708860761e-01	
   2.5317804228998847e-01	
   2.4497446777905638e-01	
   2.3889258486766399e-01	
   2.3438848532796316e-01	
   2.3221734752589182e-01	
   2.2828412686996546e-01	
   2.2178419879171463e-01	
   2.1383235040276180e-01	
   2.0627607163406214e-01	
   1.9879620972382048e-01	
   1.9560468210586882e-01	
   1.9385158947065592e-01	
   1.9298403337169159e-01	
   1.9269185126582278e-01	
   1.9297504315304947e-01	
   1.9196364355581128e-01	
   1.8971159378596086e-01	
   1.8890247410817032e-01	
   1.8718983745684695e-01	
   1.8363870109321059e-01	
   1.7766919591484465e-01	
   1.7111532652474107e-01	
   1.6391865650172613e-01	
   1.5686133486766399e-01	
   1.4950733601841196e-01	
   1.4297144706559264e-01	
   1.3761327675489068e-01	
   2.9388125719217489e-01	
   2.7523104861910241e-01	
   2.4534306674338319e-01	
   2.1806674338319909e-01	
   2.0042793440736478e-01	
   1.9344702963176064e-01	
   1.9374370684695053e-01	
   1.9235921317606444e-01	
   1.8614697209436135e-01	
   1.8066293872266972e-01	
   1.8444332566168009e-01	
   1.9551028481012658e-01	
   2.1089254890678941e-01	
   2.3397943037974683e-01	
   2.5515139528193326e-01	
   2.7478153768699654e-01	
   2.8567318757192173e-01	
   2.8924230437284237e-01	
   2.8567768268124283e-01	
   2.7737521576524743e-01	
   2.6421803078250861e-01	
   2.5266559982738779e-01	
   2.4386867088607594e-01	
   2.3743167433831991e-01	
   2.3403337169159955e-01	
   2.3232972525891829e-01	
   2.2774471375143843e-01	
   2.2168081127733028e-01	
   2.1333339326812428e-01	
   2.0427574798619103e-01	
   1.9700266110471806e-01	
   1.9373022151898733e-01	
   1.9131634781357881e-01	
   1.9097921461449943e-01	
   1.9101517548906791e-01	
   1.9248507623705408e-01	
   1.9176136363636365e-01	
   1.9072748849252014e-01	
   1.9019257048331414e-01	
   1.8853837025316456e-01	
   1.8479394418872266e-01	
   1.7931890103567319e-01	
   1.7228855005753740e-01	
   1.6519077243958574e-01	
   1.5773788118527043e-01	
   1.5006023446490219e-01	
   1.4274219649021863e-01	
   1.3664233314154201e-01	
   2.9828196921749139e-01	
   2.7841358601841198e-01	
   2.4713661536248563e-01	
   2.1943775172612198e-01	
   2.0094936708860758e-01	
   1.9192318757192176e-01	
   1.9315934263521289e-01	
   1.9016110471806674e-01	
   1.8697856731875720e-01	
   1.8355329401611048e-01	
   1.8384997123130034e-01	
   1.9494390103567319e-01	
   2.0972382048331414e-01	
   2.3343102704257768e-01	
   2.5493563003452246e-01	
   2.7334310270425777e-01	
   2.8525514240506328e-01	
   2.8972328107019563e-01	
   2.8682393555811275e-01	
   2.7833716915995399e-01	
   2.6543620540851554e-01	
   2.5187895569620256e-01	
   2.4212456846950517e-01	
   2.3607864643268126e-01	
   2.3320177646720369e-01	
   2.3024848964326813e-01	
   2.2709741800920599e-01	
   2.2097507911392406e-01	
   2.1202981156501727e-01	
   2.0344415276179517e-01	
   1.9606767836593786e-01	
   1.9115002876869966e-01	
   1.8865524309551207e-01	
   1.8816078107019563e-01	
   1.8945087744533948e-01	
   1.9188273158803221e-01	
   1.9188722669735328e-01	
   1.9132983314154201e-01	
   1.9099719505178367e-01	
   1.8973856444188722e-01	
   1.8646612485615649e-01	
   1.8100906214039125e-01	
   1.7394724539700807e-01	
   1.6621565736478711e-01	
   1.5852902042577677e-01	
   1.5021306818181818e-01	
   1.4304336881472957e-01	
   1.3637712169159955e-01	
   3.0324456990794019e-01	
   2.8241872842347526e-01	
   2.5124964039125430e-01	
   2.2352830120828537e-01	
   2.0143034378596086e-01	
   1.9235471806674340e-01	
   1.9465621403912542e-01	
   1.9165348101265822e-01	
   1.8588625575373993e-01	
   1.8628182537399310e-01	
   1.8678977272727273e-01	
   1.9680937140391255e-01	
   2.1043854286536248e-01	
   2.3352991944764095e-01	
   2.5379387226697353e-01	
   2.7320375431530497e-01	
   2.8464830264672036e-01	
   2.8971878596087458e-01	
   2.8755214326812428e-01	
   2.7808544303797467e-01	
   2.6564298043728424e-01	
   2.5108332134637512e-01	
   2.3956235615650173e-01	
   2.3500431530494822e-01	
   2.3072946634062141e-01	
   2.2836503883774453e-01	
   2.2542074223245109e-01	
   2.1876798043728424e-01	
   2.1074421029919449e-01	
   2.0156519706559264e-01	
   1.9358188291139242e-01	
   1.8839452675489068e-01	
   1.8628182537399310e-01	
   1.8530189154200230e-01	
   1.8787758918296893e-01	
   1.9116351409666282e-01	
   1.9167146144994246e-01	
   1.9119497986191025e-01	
   1.9199061421173763e-01	
   1.9074097382048330e-01	
   1.8772925057537398e-01	
   1.8273068901035674e-01	
   1.7572281357882624e-01	
   1.6726301783659378e-01	
   1.5920328682393556e-01	
   1.5058166714614499e-01	
   1.4276017692750287e-01	
   1.3624226841196779e-01	
   3.0693505466052934e-01	
   2.8787129602991945e-01	
   2.5666175201380897e-01	
   2.2756490937859608e-01	
   2.0270695483314155e-01	
   1.9278175345224396e-01	
   1.9556872123130034e-01	
   1.9523608314154201e-01	
   1.9429211018411968e-01	
   1.8939244102416572e-01	
   1.9001276611047180e-01	
   1.9837366944764095e-01	
   2.1432681242807824e-01	
   2.3552574798619103e-01	
   2.5374892117376296e-01	
   2.7331163693901034e-01	
   2.8603279631760642e-01	
   2.9080210730724970e-01	
   2.8754764815880324e-01	
   2.7744264240506328e-01	
   2.6352578394706561e-01	
   2.4838176064441886e-01	
   2.3654164269275030e-01	
   2.3160601265822786e-01	
   2.2832907796317606e-01	
   2.2544321777905638e-01	
   2.2328556530494822e-01	
   2.1652941599539702e-01	
   2.0826290995397009e-01	
   1.9906591628308401e-01	
   1.9057465477560415e-01	
   1.8577387802071346e-01	
   1.8321616081703107e-01	
   1.8357576956271576e-01	
   1.8678078250863062e-01	
   1.9013413406214039e-01	
   1.9129387226697353e-01	
   1.9159504459148446e-01	
   1.9286716052934408e-01	
   1.9246260069044879e-01	
   1.8889797899884925e-01	
   1.8402977560414269e-01	
   1.7687356156501727e-01	
   1.6897115937859608e-01	
   1.5986406789413118e-01	
   1.5094577100115075e-01	
   1.4326362917146146e-01	
   1.3613888089758344e-01	
   3.1061205408515535e-01	
   2.9315304948216342e-01	
   2.6310773878020716e-01	
   2.3219936708860758e-01	
   2.0661320483314155e-01	
   1.9558670166858458e-01	
   1.9595979574223246e-01	
   1.9563165276179517e-01	
   1.9755106444188722e-01	
   1.9444943901035674e-01	
   1.9703862197928654e-01	
   2.0408695339470656e-01	
   2.1963553653624857e-01	
   2.3946795886075950e-01	
   2.5890031645569622e-01	
   2.7673691024165709e-01	
   2.8826237054085158e-01	
   2.9265858745684697e-01	
   2.8642387082853854e-01	
   2.7623345799769849e-01	
   2.6018142261219795e-01	
   2.4459238348676640e-01	
   2.3144868383199080e-01	
   2.2559155638665132e-01	
   2.2255735759493672e-01	
   2.2218426352128884e-01	
   2.1928491800920599e-01	
   2.1444368527042579e-01	
   2.0659522439585731e-01	
   1.9545634349827387e-01	
   1.8656951237054084e-01	
   1.8254638952819333e-01	
   1.8024039844649023e-01	
   1.8172827963176064e-01	
   1.8586378020713465e-01	
   1.8941042146144993e-01	
   1.9015211449942462e-01	
   1.9086234177215189e-01	
   1.9339758342922900e-01	
   1.9316833285385501e-01	
   1.9025550201380897e-01	
   1.8521648446490219e-01	
   1.7898626294591485e-01	
   1.6994659810126583e-01	
   1.6051585874568469e-01	
   1.5175938578826237e-01	
   1.4401431242807824e-01	
   1.3736155063291139e-01	
   3.1298097669735325e-01	
   2.9865506329113922e-01	
   2.6997177071346373e-01	
   2.3813740650172613e-01	
   2.1253775891829690e-01	
   1.9975816311852704e-01	
   1.9856695914844649e-01	
   1.9991549194476410e-01	
   2.0358350115074800e-01	
   2.0209561996547756e-01	
   2.0387118814729574e-01	
   2.1201183112773303e-01	
   2.2769077243958574e-01	
   2.4611173043728424e-01	
   2.6470799769850401e-01	
   2.8019364930955121e-01	
   2.9215513521288838e-01	
   2.9440718498273877e-01	
   2.8940862341772150e-01	
   2.7548277474108168e-01	
   2.5795634349827390e-01	
   2.4191329833141542e-01	
   2.2611298906789412e-01	
   2.1902869677790565e-01	
   2.1521684407364788e-01	
   2.1707332422324510e-01	
   2.1603495397008055e-01	
   2.1185450230149597e-01	
   2.0389366369390102e-01	
   1.9126240650172613e-01	
   1.8178222094361335e-01	
   1.7905368958573073e-01	
   1.7853225690448793e-01	
   1.8026287399309551e-01	
   1.8450176208285385e-01	
   1.8832710011507481e-01	
   1.8933400460299193e-01	
   1.9072299338319909e-01	
   1.9353693181818182e-01	
   1.9415725690448793e-01	
   1.9121296029919449e-01	
   1.8743257336018412e-01	
   1.8014150604142692e-01	
   1.7128614067894132e-01	
   1.6173852848101267e-01	
   1.5269886363636365e-01	
   1.4467059838895283e-01	
   1.3853477416570770e-01	
   3.1343947784810128e-01	
   3.0220619965477563e-01	
   2.7651215477560415e-01	
   2.4464632479861911e-01	
   2.1779254171461451e-01	
   2.0455444476409665e-01	
   2.0174050632911392e-01	
   2.0499047036823936e-01	
   2.0963391829689298e-01	
   2.1136004027617952e-01	
   2.1514492232451093e-01	
   2.2416211162255467e-01	
   2.3703160960874570e-01	
   2.5679211018411968e-01	
   2.7284414556962028e-01	
   2.8651826812428077e-01	
   2.9707727991944766e-01	
   2.9732001582278483e-01	
   2.9064927359033371e-01	
   2.7364877013808975e-01	
   2.5681458573072496e-01	
   2.4020965189873417e-01	
   2.2159540420023016e-01	
   2.1310863780207134e-01	
   2.1045202819332567e-01	
   2.1265463176064442e-01	
   2.1260968066743383e-01	
   2.0886075949367089e-01	
   2.0148878020713465e-01	
   1.8845296317606444e-01	
   1.7872105149597239e-01	
   1.7597453970080551e-01	
   1.7649597238204834e-01	
   1.7887838032220943e-01	
   1.8346788693901037e-01	
   1.8766182393555811e-01	
   1.8867771864211738e-01	
   1.9055667433831991e-01	
   1.9355491225546606e-01	
   1.9473712600690449e-01	
   1.9273680235903337e-01	
   1.8840801208285385e-01	
   1.8177772583429230e-01	
   1.7248183975834291e-01	
   1.6289377157652474e-01	
   1.5371925345224396e-01	
   1.4605059695051784e-01	
   1.4134421749136938e-01	
   3.1592976841196779e-01	
   3.0616639096662829e-01	
   2.8403247266973530e-01	
   2.5228351553509781e-01	
   2.2344738924050633e-01	
   2.0950805523590335e-01	
   2.0478819044879171e-01	
   2.0715711306098963e-01	
   2.1459651898734178e-01	
   2.1852973964326813e-01	
   2.2416660673187572e-01	
   2.3567408659378597e-01	
   2.4793674482163405e-01	
   2.6387640247410815e-01	
   2.8139833860759494e-01	
   2.9283839182968929e-01	
   3.0061942606444186e-01	
   2.9996763521288838e-01	
   2.9238888089758341e-01	
   2.7321274453394706e-01	
   2.5602344649021863e-01	
   2.3692372698504027e-01	
   2.1761273734177214e-01	
   2.0832584148446490e-01	
   2.0538154487917146e-01	
   2.0864049913693902e-01	
   2.1060486191024166e-01	
   2.0659072928653624e-01	
   2.0002786967779057e-01	
   1.8690664556962025e-01	
   1.7698144418872266e-01	
   1.7271109033371693e-01	
   1.7517890535097813e-01	
   1.7840189873417722e-01	
   1.8312625863060988e-01	
   1.8617843785960875e-01	
   1.8793602560414269e-01	
   1.9025999712313005e-01	
   1.9411680092059838e-01	
   1.9554175057537398e-01	
   1.9430559551208285e-01	
   1.9106462169159955e-01	
   1.8300039556962025e-01	
   1.7413154487917146e-01	
   1.6438614787111622e-01	
   1.5546335586881474e-01	
   1.4935000719217492e-01	
   1.4522349683544303e-01	
   3.1879315304948214e-01	
   3.1200104286536251e-01	
   2.9180901179516688e-01	
   2.6161536248561568e-01	
   2.3254099539700807e-01	
   2.1411104718066742e-01	
   2.1016434119677790e-01	
   2.1051945483314155e-01	
   2.1825104286536248e-01	
   2.2370361047180667e-01	
   2.3182627301495973e-01	
   2.4535205696202531e-01	
   2.5881940448791713e-01	
   2.7568954976985038e-01	
   2.8789826668584578e-01	
   3.0132066311852707e-01	
   3.0891290276179517e-01	
   3.0449870540851554e-01	
   2.9591304660529344e-01	
   2.7555469649021863e-01	
   2.5436475115074797e-01	
   2.3270281933256617e-01	
   2.1281645569620253e-01	
   2.0209112485615649e-01	
   2.0021216915995396e-01	
   2.0402402186421173e-01	
   2.0828089039125430e-01	
   2.0461288118527043e-01	
   1.9891308256616802e-01	
   1.8527941599539702e-01	
   1.7677466915995396e-01	
   1.7174464182968929e-01	
   1.7505304228998850e-01	
   1.8013701093210588e-01	
   1.8260932105868816e-01	
   1.8531088176064442e-01	
   1.8795400604142692e-01	
   1.9172540276179517e-01	
   1.9451237054085155e-01	
   1.9702064154200230e-01	
   1.9681836162255467e-01	
   1.9225133055235905e-01	
   1.8527941599539702e-01	
   1.7583519131185271e-01	
   1.6654829545454544e-01	
   1.5773788118527043e-01	
   1.5499136939010358e-01	
   1.5320681098964326e-01	
   3.2123399741081704e-01	
   3.1729628164556961e-01	
   3.0011147871116228e-01	
   2.7314981300345226e-01	
   2.4413837744533948e-01	
   2.2178419879171463e-01	
   2.1298277474108171e-01	
   2.1421443469505178e-01	
   2.2074582853855007e-01	
   2.2698054516685845e-01	
   2.3551226265822786e-01	
   2.4995954401611048e-01	
   2.6478441455696200e-01	
   2.8203214902186419e-01	
   2.9372842347525890e-01	
   3.0788801783659381e-01	
   3.1459921605293439e-01	
   3.1434299482163408e-01	
   3.0298834867663982e-01	
   2.7808993814729577e-01	
   2.5320501294591485e-01	
   2.2954275747986191e-01	
   2.0920238780207134e-01	
   1.9740272583429230e-01	
   1.9515067606444189e-01	
   1.9942102991944763e-01	
   2.0535906933256617e-01	
   2.0370037399309551e-01	
   1.9898050920598390e-01	
   1.8528840621403914e-01	
   1.7761974971231301e-01	
   1.7104789988492519e-01	
   1.7569584292289989e-01	
   1.8219577100115075e-01	
   1.8227218785960875e-01	
   1.8539628883774453e-01	
   1.8748201956271576e-01	
   1.9219738924050633e-01	
   1.9590135932105868e-01	
   1.9911536248561565e-01	
   2.0013575230149597e-01	
   1.9673295454545456e-01	
   1.8923061708860758e-01	
   1.8071688003452244e-01	
   1.7185701956271576e-01	
   1.6423780926352130e-01	
   1.6034953970080551e-01	
   1.6919591484464902e-01	
   3.2340513521288838e-01	
   3.2113510500575376e-01	
   3.0569889959723823e-01	
   2.8157814298043726e-01	
   2.5469289413118529e-01	
   2.2890445195627157e-01	
   2.1677215189873417e-01	
   2.1541912399309551e-01	
   2.2174374280782508e-01	
   2.2774471375143843e-01	
   2.3497734464902187e-01	
   2.4834579976985041e-01	
   2.6364265678941312e-01	
   2.8246367951668583e-01	
   2.9641649884925203e-01	
   3.0988384637514382e-01	
   3.1786266542002301e-01	
   3.1520605581127731e-01	
   3.0732163406214041e-01	
   2.8341664269275030e-01	
   2.5524129746835444e-01	
   2.2912920742232451e-01	
   2.0729646144994246e-01	
   1.9324025460299193e-01	
   1.9192768268124280e-01	
   1.9732630897583428e-01	
   2.0346213319907941e-01	
   2.0562877589182968e-01	
   2.0049985615650173e-01	
   1.8842149741081704e-01	
   1.8042020281933258e-01	
   1.7218516254315305e-01	
   1.7533173906789412e-01	
   1.8288801783659378e-01	
   1.8355778912543153e-01	
   1.8676280207134638e-01	
   1.8845296317606444e-01	
   1.9370774597238205e-01	
   1.9850852272727273e-01	
   2.0246421892980437e-01	
   2.0548493239355581e-01	
   2.0158767261219793e-01	
   1.9371673619102417e-01	
   1.8464111047180667e-01	
   1.7496314010356731e-01	
   1.7027024597238205e-01	
   1.6814855437284235e-01	
   1.8596267261219793e-01	
   3.2319386507479864e-01	
   3.2452891254315303e-01	
   3.1089075086306101e-01	
   2.8691383774453394e-01	
   2.5956109752589185e-01	
   2.3389402330264672e-01	
   2.1947371260069046e-01	
   2.1625970943613348e-01	
   2.2075481875719216e-01	
   2.2920112917146146e-01	
   2.3746763521288838e-01	
   2.4608475978135788e-01	
   2.5886885069044879e-01	
   2.7631436996547754e-01	
   2.9504998561565016e-01	
   3.1585335155350980e-01	
   3.1975510644418870e-01	
   3.1770084148446492e-01	
   3.0659342635212888e-01	
   2.8430217922899886e-01	
   2.5915204257767549e-01	
   2.3145767405063292e-01	
   2.0816401754890679e-01	
   1.9184227560414269e-01	
   1.8993185414269276e-01	
   1.9757353998849253e-01	
   2.0381724683544303e-01	
   2.0681548475258918e-01	
   2.0380825661680091e-01	
   1.9255699798619103e-01	
   1.8295544447640966e-01	
   1.7365056818181818e-01	
   1.7681512514384351e-01	
   1.8189010356731874e-01	
   1.8730671029919449e-01	
   1.8938794591484465e-01	
   1.9168944188722670e-01	
   1.9716448504027617e-01	
   2.0367340333716916e-01	
   2.0778193325661681e-01	
   2.1023626294591485e-01	
   2.0690988204833141e-01	
   1.9857145425776754e-01	
   1.8923061708860758e-01	
   1.8136417577675490e-01	
   1.7790294159953970e-01	
   1.8152150460299193e-01	
   2.0300812715765248e-01	
   3.2215099971231298e-01	
   3.2519418872266975e-01	
   3.1287309407364788e-01	
   2.9047845943613348e-01	
   2.6248741369390105e-01	
   2.3714398734177214e-01	
   2.2102452531645569e-01	
   2.1213769418872266e-01	
   2.1611137082853854e-01	
   2.2533533515535098e-01	
   2.3985453826237055e-01	
   2.5074169303797467e-01	
   2.5602794159953968e-01	
   2.7577046173762948e-01	
   2.9101787255466055e-01	
   3.1140768843498273e-01	
   3.2033947065592633e-01	
   3.1996188147295740e-01	
   3.1199654775604141e-01	
   2.8924230437284237e-01	
   2.6202441743383198e-01	
   2.3533695339470656e-01	
   2.1492915707710011e-01	
   1.9558220655926353e-01	
   1.9425165420023016e-01	
   2.0286428365937859e-01	
   2.0766506041426927e-01	
   2.1042955264672036e-01	
   2.0723802502876870e-01	
   1.9783425632911392e-01	
   1.8613798187571923e-01	
   1.7717023878020713e-01	
   1.7924697928653624e-01	
   1.8338697497123130e-01	
   1.9362233889528194e-01	
   1.9663855724971233e-01	
   1.9905243095512082e-01	
   2.0477920023014959e-01	
   2.0984968354430381e-01	
   2.1292433831990795e-01	
   2.1525730005753740e-01	
   2.1235345943613348e-01	
   2.0623561565017262e-01	
   2.0028409090909091e-01	
   1.9640930667433831e-01	
   1.9301549913693902e-01	
   2.0855509205983891e-01	
   2.3235669591484465e-01	
   3.2101373705408515e-01	
   3.2572910673187572e-01	
   3.1655908371691599e-01	
   2.9193936996547754e-01	
   2.6385842203682391e-01	
   2.3906789413118526e-01	
   2.2329006041426927e-01	
   2.1131508918296893e-01	
   2.0877535241657078e-01	
   2.1550453107019563e-01	
   2.3037884781357881e-01	
   2.4531609608745686e-01	
   2.5637406501726123e-01	
   2.7504674913693899e-01	
   2.9286536248561568e-01	
   3.0783857163406214e-01	
   3.2103171749136938e-01	
   3.2287920742232451e-01	
   3.1591628308400460e-01	
   2.9836288118527043e-01	
   2.7176082422324510e-01	
   2.4505537974683544e-01	
   2.2307879027617952e-01	
   2.0536805955120829e-01	
   2.0225744390103567e-01	
   2.1079815161104717e-01	
   2.1278049482163405e-01	
   2.1762622266973533e-01	
   2.1613834148446490e-01	
   2.0899111766398160e-01	
   1.9475960155350977e-01	
   1.8852938003452244e-01	
   1.8534234752589182e-01	
   1.9182879027617952e-01	
   2.0197874712313005e-01	
   2.0609626726121980e-01	
   2.0910349539700807e-01	
   2.1271306818181818e-01	
   2.1523482451093209e-01	
   2.2036374424626007e-01	
   2.2578934119677790e-01	
   2.2445878883774453e-01	
   2.2117286392405064e-01	
   2.1887586306098963e-01	
   2.1648896001150747e-01	
   2.1943325661680091e-01	
   2.4162561133486765e-01	
   2.7029092347525890e-01	
   3.1742214470655927e-01	
   3.2531555667433831e-01	
   3.1757947353279631e-01	
   2.9333285385500574e-01	
   2.6630825661680091e-01	
   2.4154469936708861e-01	
   2.2325859464902187e-01	
   2.1042955264672036e-01	
   2.1042955264672036e-01	
   2.0579509493670886e-01	
   2.1818811133486765e-01	
   2.3227128883774453e-01	
   2.5062931530494820e-01	
   2.6901431242807827e-01	
   2.9080210730724970e-01	
   3.0876456415420023e-01	
   3.2463230005753740e-01	
   3.3141542002301494e-01	
   3.2234878452243959e-01	
   3.0557303653624857e-01	
   2.8303455840046032e-01	
   2.6145803365937859e-01	
   2.3664952531645569e-01	
   2.1542811421173763e-01	
   2.1171964902186421e-01	
   2.2031429804372843e-01	
   2.2528588895281934e-01	
   2.2810432249712312e-01	
   2.2518250143843499e-01	
   2.1866908803222093e-01	
   2.0786284522439585e-01	
   1.9831523302646720e-01	
   1.9342005897583428e-01	
   1.9896702387802070e-01	
   2.0957997698504027e-01	
   2.1383684551208285e-01	
   2.1900622123130034e-01	
   2.2586575805523590e-01	
   2.2762334579976984e-01	
   2.3189369965477560e-01	
   2.3698216340621403e-01	
   2.4046137802071346e-01	
   2.4153121403912542e-01	
   2.4299661967779057e-01	
   2.4602182825086305e-01	
   2.5988924050632911e-01	
   2.8971429085155354e-01	
   3.2146774309551207e-01	
   3.1419915132336018e-01	
   3.2336467922899886e-01	
   3.1832566168009208e-01	
   2.9522079976985038e-01	
   2.6917613636363635e-01	
   2.4593642117376294e-01	
   2.2729070771001150e-01	
   2.1409756185270426e-01	
   2.1238942031070196e-01	
   2.1161176639815879e-01	
   2.1547756041426927e-01	
   2.2265625000000000e-01	
   2.4161662111622553e-01	
   2.6409216772151900e-01	
   2.8505286248561568e-01	
   3.0505609896432684e-01	
   3.1973712600690452e-01	
   3.3069620253164556e-01	
   3.2888916858457995e-01	
   3.1835712744533945e-01	
   2.9598047324510934e-01	
   2.7458824798619103e-01	
   2.5223406933256615e-01	
   2.3437949510932105e-01	
   2.2598263089758344e-01	
   2.2957422324510932e-01	
   2.3606965621403914e-01	
   2.3922522295742232e-01	
   2.3646972094361335e-01	
   2.2674230437284235e-01	
   2.1925345224395856e-01	
   2.1160277617951670e-01	
   2.0771450661680091e-01	
   2.1008792433831991e-01	
   2.2152797756041426e-01	
   2.3113852128883774e-01	
   2.3520210011507481e-01	
   2.4044789269275030e-01	
   2.4286626150747986e-01	
   2.4762658227848100e-01	
   2.5879692894131184e-01	
   2.6980095655926351e-01	
   2.7856641973532797e-01	
   2.8456289556962028e-01	
   2.9820105724971230e-01	
   3.1820429372842346e-01	
   3.4653696777905640e-01	
   3.6421623273878023e-01	
   3.0546515391254314e-01	
   3.1861784378596086e-01	
   3.1635680379746833e-01	
   2.9811115506329117e-01	
   2.7229124712313002e-01	
   2.4837277042577677e-01	
   2.3197461162255467e-01	
   2.2276862773302647e-01	
   2.2108745684695053e-01	
   2.1538765822784811e-01	
   2.1670922036823936e-01	
   2.1658785241657078e-01	
   2.3042379890678941e-01	
   2.4638593210586882e-01	
   2.7318127876869963e-01	
   3.0105994677790565e-01	
   3.1855940736478711e-01	
   3.2989607307249713e-01	
   3.3652186421173763e-01	
   3.3173007767548907e-01	
   3.1313830552359034e-01	
   2.8680146001150747e-01	
   2.6803887370540852e-01	
   2.5209921605293439e-01	
   2.4750521432681244e-01	
   2.4667361910241656e-01	
   2.4910996835443039e-01	
   2.5340279775604141e-01	
   2.5100690448791713e-01	
   2.4131095368239355e-01	
   2.3789467059838895e-01	
   2.2902132479861911e-01	
   2.2293494677790565e-01	
   2.2618491081703107e-01	
   2.3641128452243959e-01	
   2.4954599395857308e-01	
   2.5443217779056387e-01	
   2.6396180955120829e-01	
   2.7602218785960875e-01	
   2.8750719217491372e-01	
   3.0051154344073649e-01	
   3.1392045454545453e-01	
   3.3210766685845799e-01	
   3.4158785241657075e-01	
   3.5153552934407367e-01	
   3.8332943757192173e-01	
   4.0178186133486765e-01	
   4.0554426783659381e-01	
   3.0400424338319909e-01	
   3.1442390678941312e-01	
   3.1333159522439585e-01	
   3.0177466915995399e-01	
   2.8280081271576524e-01	
   2.6241998705408515e-01	
   2.4123004171461451e-01	
   2.3282418728423476e-01	
   2.2929552646720369e-01	
   2.2908425632911392e-01	
   2.2584328250863062e-01	
   2.2697155494821633e-01	
   2.3569206703107021e-01	
   2.5192390678941312e-01	
   2.7173385356731877e-01	
   2.9706379459148446e-01	
   3.2263197640966629e-01	
   3.4195195627157654e-01	
   3.5642620828538552e-01	
   3.4097202243958574e-01	
   3.2815197065592633e-01	
   3.0747446777905640e-01	
   2.8636093929804374e-01	
   2.7341502445339472e-01	
   2.7046623273878023e-01	
   2.7179678509781358e-01	
   2.7014707997698506e-01	
   2.7082584148446492e-01	
   2.7056512514384351e-01	
   2.6002409378596086e-01	
   2.5709328250863062e-01	
   2.5548852848101267e-01	
   2.4977524453394706e-01	
   2.5587061277330264e-01	
   2.7027743814729577e-01	
   2.8598784522439585e-01	
   2.9785942894131184e-01	
   3.1141218354430378e-01	
   3.2691132048331417e-01	
   3.3993814729574223e-01	
   3.5275370397008055e-01	
   3.6765948647871116e-01	
   3.7833087600690452e-01	
   3.9478297612197927e-01	
   4.1323989499424624e-01	
   4.3830462456846953e-01	
   4.4782976121979284e-01	
   4.4901197497123130e-01	
   3.1220781789413121e-01	
   3.1932807105868816e-01	
   3.1955282652474110e-01	
   3.1030189154200233e-01	
   2.9377786967779057e-01	
   2.7881814585730724e-01	
   2.6156591628308401e-01	
   2.5037309407364788e-01	
   2.5125863060989645e-01	
   2.4891218354430381e-01	
   2.4710065448791715e-01	
   2.4528912543153050e-01	
   2.5489517405063289e-01	
   2.7433202675489066e-01	
   2.9524327531645572e-01	
   3.1534989930955121e-01	
   3.4032922180667435e-01	
   3.6137082853855007e-01	
   3.7661823935558114e-01	
   3.6024255609896433e-01	
   3.4432986910241659e-01	
   3.2333321346375143e-01	
   3.1505771720368242e-01	
   3.0568990937859608e-01	
   2.9858314154200233e-01	
   2.9685252445339472e-01	
   2.9720763808975836e-01	
   2.9531519706559262e-01	
   2.9573324223245107e-01	
   2.9211917433831991e-01	
   2.9091448504027617e-01	
   2.9773806098964328e-01	
   3.0576183112773303e-01	
   3.1353837025316456e-01	
   3.2928024309551207e-01	
   3.4519293009205981e-01	
   3.5837708573072496e-01	
   3.6847759637514382e-01	
   3.8236298906789412e-01	
   3.9476949079401613e-01	
   4.0432609321058688e-01	
   4.1944764096662829e-01	
   4.3407922180667435e-01	
   4.4920975978135791e-01	
   4.7083123561565016e-01	
   4.9002984752589185e-01	
   4.9876834004602993e-01	
   4.9596339182968929e-01	
   3.1737269850402761e-01	
   3.2454689298043726e-01	
   3.3237737341772150e-01	
   3.2765750863060988e-01	
   3.1904487917146146e-01	
   3.0307375575373990e-01	
   2.9260914125431531e-01	
   2.8413136507479864e-01	
   2.8688686708860761e-01	
   2.8470673906789412e-01	
   2.8281879315304947e-01	
   2.9029415995397007e-01	
   2.9744587888377444e-01	
   3.1561061565017262e-01	
   3.2930721375143845e-01	
   3.5267728711162255e-01	
   3.7524723101265822e-01	
   3.9467958860759494e-01	
   4.0314387945914842e-01	
   3.9364121835443039e-01	
   3.8526682968929804e-01	
   3.7241081703107021e-01	
   3.6147871116225544e-01	
   3.5082530207134638e-01	
   3.4464452675489066e-01	
   3.4305325805523590e-01	
   3.4534576380897586e-01	
   3.4633918296892979e-01	
   3.4479286536248560e-01	
   3.4800686852704260e-01	
   3.5183220655926351e-01	
   3.6576255034522437e-01	
   3.7802520857307248e-01	
   3.8563992376294592e-01	
   3.9745307105868816e-01	
   4.0885716340621403e-01	
   4.2119623849252014e-01	
   4.2699043440736478e-01	
   4.3991836881472957e-01	
   4.4637784090909088e-01	
   4.5984069332566169e-01	
   4.7353729142692752e-01	
   4.8798906789413121e-01	
   5.0519634637514388e-01	
   5.2867430235903334e-01	
   5.3713409810126578e-01	
   5.3911644131185266e-01	
   5.3455390535097813e-01	
   3.3142441024165709e-01	
   3.3733997410817029e-01	
   3.4378146576524743e-01	
   3.4968803941311855e-01	
   3.4855077675489066e-01	
   3.4282400747986191e-01	
   3.3867052646720369e-01	
   3.3947515103567316e-01	
   3.2969379315304947e-01	
   3.3302017405063289e-01	
   3.3807267692750287e-01	
   3.5234914413118529e-01	
   3.6553779487917148e-01	
   3.7521576524741079e-01	
   3.8527581990794019e-01	
   3.9682375575373990e-01	
   4.1860256041426930e-01	
   4.3422306530494820e-01	
   4.4709256329113922e-01	
   4.3986442750287685e-01	
   4.3718084723820483e-01	
   4.2631167289988492e-01	
   4.1656627589182971e-01	
   4.1074960443037972e-01	
   4.0296857019562715e-01	
   4.0501384493670883e-01	
   4.1176100402761795e-01	
   4.1901611047180670e-01	
   4.2706685126582278e-01	
   4.3263179660529344e-01	
   4.3421407508630611e-01	
   4.3882605724971230e-01	
   4.4416175201380897e-01	
   4.4783425632911394e-01	
   4.6226355724971230e-01	
   4.7625233745684697e-01	
   4.8564262082853854e-01	
   4.9214254890678943e-01	
   4.9902006616800920e-01	
   5.0757875431530497e-01	
   5.1704095943613348e-01	
   5.2722687715765248e-01	
   5.4182699223245112e-01	
   5.5668782364787117e-01	
   5.6179876294591480e-01	
   5.6490937859608747e-01	
   5.6717940880322204e-01	
   5.5896234896432684e-01	
   3.6407238924050633e-01	
   3.6177988348676637e-01	
   3.6405890391254314e-01	
   3.7127804948216342e-01	
   3.7332332422324510e-01	
   3.7290527905638665e-01	
   3.7359752589182971e-01	
   3.7746331990794019e-01	
   3.7947712888377444e-01	
   3.8392279200230151e-01	
   4.0034342635212888e-01	
   4.1798673043728424e-01	
   4.3438039413118529e-01	
   4.4438650747986191e-01	
   4.5028858601841198e-01	
   4.4516416139240506e-01	
   4.6373795310701954e-01	
   4.7455768124280784e-01	
   4.7933148734177217e-01	
   4.7911572209436132e-01	
   4.7468354430379744e-01	
   4.7560054660529344e-01	
   4.7177520857307248e-01	
   4.6889384349827390e-01	
   4.6384134062140392e-01	
   4.7135266829689298e-01	
   4.7739409522439585e-01	
   4.8242861766398160e-01	
   4.9496547756041426e-01	
   5.0537615074798614e-01	
   5.0523680235903334e-01	
   5.0668872266973530e-01	
   5.1281106156501721e-01	
   5.1768376006904493e-01	
   5.2866980724971235e-01	
   5.4152132479861914e-01	
   5.4764366369390105e-01	
   5.5317714326812428e-01	
   5.5694853998849247e-01	
   5.6270677502876865e-01	
   5.6831217635212883e-01	
   5.7418278912543153e-01	
   5.7969379315304947e-01	
   5.8280440880322204e-01	
   5.8157274884925203e-01	
   5.8625215765247407e-01	
   5.8339776323360182e-01	
   5.7578304804372837e-01	
   4.0326524741081704e-01	
   4.0225834292289986e-01	
   3.9699456990794019e-01	
   3.9995684695051786e-01	
   4.0365632192174916e-01	
   4.0588140103567316e-01	
   4.0591286680092059e-01	
   4.1376582278481011e-01	
   4.1491207566168009e-01	
   4.2805128020713462e-01	
   4.4623399741081704e-01	
   4.6305020138089759e-01	
   4.7165384062140392e-01	
   4.7810432249712315e-01	
   4.7305631472957421e-01	
   4.6894328970080551e-01	
   4.8574151323360182e-01	
   5.0131706703107015e-01	
   5.1093660097813576e-01	
   5.1636219792865368e-01	
   5.1907724395857302e-01	
   5.2397691311852701e-01	
   5.2920922036823936e-01	
   5.3531807393555808e-01	
   5.3580354574223243e-01	
   5.3472921461449940e-01	
   5.3635194907940165e-01	
   5.4581415420023016e-01	
   5.5004854718066742e-01	
   5.5601355724971235e-01	
   5.6282814298043726e-01	
   5.6849198072497120e-01	
   5.7283875143843499e-01	
   5.7680793296892985e-01	
   5.8311007623705413e-01	
   5.9221267261219790e-01	
   6.0217383486766396e-01	
   6.0435396288837739e-01	
   6.0679031214039125e-01	
   6.0782868239355581e-01	
   6.0647565448791718e-01	
   6.0560360327963181e-01	
   6.0706900891829685e-01	
   6.0911877876869969e-01	
   6.0402132479861914e-01	
   5.9856426208285385e-01	
   5.9388934838895280e-01	
   5.8649489355581130e-01	
   4.5456343498273877e-01	
   4.5271144994246260e-01	
   4.4768591772151900e-01	
   4.4467419447640966e-01	
   4.4595530063291139e-01	
   4.4669699367088606e-01	
   4.4863888089758341e-01	
   4.6808472382048333e-01	
   4.6871403912543153e-01	
   4.7290797612197927e-01	
   4.7596465046029918e-01	
   4.8120594792865362e-01	
   4.8446490218642119e-01	
   5.0242735903337166e-01	
   5.0898122842347526e-01	
   5.1333249424626004e-01	
   5.2488043009205987e-01	
   5.5129818757192173e-01	
   5.7149920886075944e-01	
   5.7683040851553513e-01	
   5.7816995109321057e-01	
   5.8023770138089759e-01	
   5.8060630034522442e-01	
   5.8383378883774451e-01	
   5.8528121403912547e-01	
   5.8684101697353275e-01	
   5.8936277330264675e-01	
   5.9409162830840045e-01	
   5.9739553365937859e-01	
   6.0333357307249713e-01	
   6.0875017980437285e-01	
   6.1495792577675490e-01	
   6.2081505322209440e-01	
   6.2435719936708856e-01	
   6.2969289413118523e-01	
   6.3516793728423471e-01	
   6.4108799626006907e-01	
   6.3972597813578824e-01	
   6.4240506329113922e-01	
   6.4039574942462596e-01	
   6.3535673187571917e-01	
   6.2666319044879171e-01	
   6.2282436708860756e-01	
   6.1818541426927498e-01	
   6.1338463751438432e-01	
   6.0711396001150753e-01	
   6.0182771144994252e-01	
   5.9504009637514388e-01	
   5.0821705983889531e-01	
   5.0589758342922897e-01	
   5.0660331559263516e-01	
   5.0687751726121977e-01	
   5.0112377733026470e-01	
   5.0179804372842352e-01	
   5.0491764959723817e-01	
   5.1698252301495973e-01	
   5.2614805092059835e-01	
   5.1616441311852701e-01	
   5.1664089470655927e-01	
   5.1290995397008055e-01	
   5.2167092203682397e-01	
   5.3396055092059835e-01	
   5.4129207422324510e-01	
   5.4961252157652474e-01	
   5.7153516973532792e-01	
   5.9459508055235899e-01	
   6.1580300632911389e-01	
   6.2512586306098961e-01	
   6.2833087600690452e-01	
   6.2762064873417722e-01	
   6.2847921461449940e-01	
   6.2783191887226697e-01	
   6.2998058112773303e-01	
   6.3500161823935564e-01	
   6.4084975546605294e-01	
   6.4564154200230151e-01	
   6.4771378739930952e-01	
   6.5210550920598387e-01	
   6.5471716772151900e-01	
   6.6043944188722670e-01	
   6.6338823360184118e-01	
   6.6457494246260074e-01	
   6.6661572209436137e-01	
   6.6855311421173758e-01	
   6.6978926927502880e-01	
   6.6515031645569622e-01	
   6.6174751869965476e-01	
   6.5874478567318762e-01	
   6.5167397871116228e-01	
   6.3712330983889531e-01	
   6.3421497410817029e-01	
   6.2798025747986186e-01	
   6.2304462744533951e-01	
   6.1421173762945913e-01	
   6.0720386219792866e-01	
   6.0062751726121977e-01	
   5.5471896576524737e-01	
   5.5644059263521284e-01	
   5.5643160241657075e-01	
   5.5760932105868810e-01	
   5.6184371403912547e-01	
   5.6223928365937859e-01	
   5.6146612485615655e-01	
   5.6236514672036819e-01	
   5.7353998849252019e-01	
   5.7004279344073649e-01	
   5.6020749424626004e-01	
   5.5755537974683544e-01	
   5.6157400747986186e-01	
   5.7232630897583425e-01	
   5.7667757479861914e-01	
   5.8606785817031071e-01	
   6.1943055955120829e-01	
   6.3017387082853860e-01	
   6.4436942606444192e-01	
   6.5052323072497120e-01	
   6.5722543872266970e-01	
   6.6005735759493667e-01	
   6.6376582278481011e-01	
   6.6677754602991945e-01	
   6.7003650028768702e-01	
   6.7559695051783664e-01	
   6.7939082278481011e-01	
   6.8149453394706561e-01	
   6.8020893268124283e-01	
   6.8224072209436137e-01	
   6.8459166426927498e-01	
   6.8739661248561568e-01	
   6.8896990074798614e-01	
   6.8638071777905640e-01	
   6.8574241225546606e-01	
   6.8604807968929804e-01	
   6.8313524884925203e-01	
   6.7929193037974689e-01	
   6.7258972238204828e-01	
   6.7065233026467208e-01	
   6.6150028768699654e-01	
   6.5167847382048327e-01	
   6.4587528768699654e-01	
   6.3865614211737631e-01	
   6.3255178365937859e-01	
   6.2438417002301494e-01	
   6.1618958573072502e-01	
   6.0657904200230151e-01	
   5.9281052215189878e-01	
   5.9100798331415416e-01	
   5.9322856731875717e-01	
   5.9543566599539699e-01	
   5.9545364643268128e-01	
   6.0234015391254314e-01	
   6.0575194188722670e-01	
   6.0920418584579972e-01	
   6.1476014096662834e-01	
   6.1436457134637512e-01	
   6.0696562140391253e-01	
   5.9821364355581130e-01	
   6.0548673043728418e-01	
   6.1639186565017257e-01	
   6.2266703826237058e-01	
   6.3460604861910241e-01	
   6.5527006616800920e-01	
   6.5220440161104720e-01	
   6.6355005753739926e-01	
   6.7135356731875717e-01	
   6.7465747266973530e-01	
   6.8320717059838898e-01	
   6.8790455983889531e-01	
   6.9111406789413121e-01	
   6.9629243383199080e-01	
   7.0084148446490213e-01	
   7.0517476985040273e-01	
   7.0590747266973530e-01	
   7.0502643124280784e-01	
   7.0479718066743380e-01	
   7.0309353423475263e-01	
   7.0184389384349832e-01	
   7.0154721662830843e-01	
   6.9845458141542005e-01	
   6.9798709004602988e-01	
   6.9867034666283079e-01	
   6.9583842779056382e-01	
   6.9453484608745686e-01	
   6.8601211881472957e-01	
   6.8129674913693905e-01	
   6.7038711881472957e-01	
   6.6285331559263516e-01	
   6.5281573647871116e-01	
   6.4653157364787117e-01	
   6.4041822497123135e-01	
   6.3300129459148446e-01	
   6.1884170023014962e-01	
   6.0715891110471809e-01	
