   1.6183908045977011e-01	
   1.5950610632183909e-01	
   1.5872755028735633e-01	
   1.5912805316091955e-01	
   1.6369971264367816e-01	
   1.7040050287356323e-01	
   1.7983117816091954e-01	
   1.9263829022988505e-01	
   2.0403107040229884e-01	
   2.1655262212643678e-01	
   2.2619791666666667e-01	
   2.3504759339080461e-01	
   2.4659482758620691e-01	
   2.6160739942528738e-01	
   2.7791038074712643e-01	
   2.9352819683908044e-01	
   3.0527029454022986e-01	
   3.1054328304597700e-01	
   3.0947916666666669e-01	
   3.0407058189655173e-01	
   2.9810524425287355e-01	
   2.9216594827586206e-01	
   2.8674030172413795e-01	
   2.8375718390804600e-01	
   2.8037805316091952e-01	
   2.7778915229885059e-01	
   2.7704022988505750e-01	
   2.7764727011494250e-01	
   2.8205549568965516e-01	
   2.9338631465517240e-01	
   3.0488146551724138e-01	
   3.1479525862068963e-01	
   3.2645743534482757e-01	
   3.3741109913793105e-01	
   3.4926095545977009e-01	
   3.5993714080459771e-01	
   3.7106232040229886e-01	
   3.8125179597701148e-01	
   3.9177173132183907e-01	
   3.9970545977011496e-01	
   4.1547413793103449e-01	
   4.2527029454022991e-01	
   4.3091954022988505e-01	
   4.3635955459770115e-01	
   4.4081896551724137e-01	
   4.4223868534482758e-01	
   4.4028376436781608e-01	
   4.3695761494252872e-01	
   1.6459680316091954e-01	
   1.6730513649425288e-01	
   1.7011314655172413e-01	
   1.7570402298850574e-01	
   1.8447826867816092e-01	
   1.9398078304597702e-01	
   2.0502783764367816e-01	
   2.1143947557471265e-01	
   2.1942977729885058e-01	
   2.2791846264367815e-01	
   2.3457884339080459e-01	
   2.4030980603448276e-01	
   2.5105423850574715e-01	
   2.6683099856321840e-01	
   2.8691630747126434e-01	
   3.0826329022988508e-01	
   3.2314385775862070e-01	
   3.2842492816091956e-01	
   3.2496048850574710e-01	
   3.1636135057471265e-01	
   3.0472521551724135e-01	
   2.9466954022988506e-01	
   2.8581267959770112e-01	
   2.8015804597701149e-01	
   2.7547772988505748e-01	
   2.7086925287356323e-01	
   2.6796964798850575e-01	
   2.6670079022988508e-01	
   2.6801364942528738e-01	
   2.7085668103448274e-01	
   2.7492726293103448e-01	
   2.8074353448275863e-01	
   2.9152747844827587e-01	
   3.0063308189655175e-01	
   3.1044360632183909e-01	
   3.1976652298850577e-01	
   3.3184626436781611e-01	
   3.4277658045977011e-01	
   3.4980513649425288e-01	
   3.5941720545977013e-01	
   3.7426364942528734e-01	
   3.8630387931034482e-01	
   3.9482668821839079e-01	
   4.0178879310344828e-01	
   4.0940014367816091e-01	
   4.1220905172413791e-01	
   4.1097252155172415e-01	
   4.0819145114942529e-01	
   1.7749191810344828e-01	
   1.8392869971264367e-01	
   1.9132722701149427e-01	
   1.9982579022988506e-01	
   2.0825969827586208e-01	
   2.1556663074712643e-01	
   2.1794091235632185e-01	
   2.2011673850574712e-01	
   2.2524694683908045e-01	
   2.2943785919540230e-01	
   2.3267420977011494e-01	
   2.3614044540229884e-01	
   2.4794899425287356e-01	
   2.6725574712643679e-01	
   2.9109015804597699e-01	
   3.1572108477011496e-01	
   3.3110093390804596e-01	
   3.3565283764367815e-01	
   3.3095366379310343e-01	
   3.1941091954022988e-01	
   3.0484913793103446e-01	
   2.9277747844827584e-01	
   2.8330100574712641e-01	
   2.7645653735632186e-01	
   2.7138020833333332e-01	
   2.6579651580459768e-01	
   2.6186781609195403e-01	
   2.5929777298850576e-01	
   2.5809895833333335e-01	
   2.5792205459770112e-01	
   2.5917295258620687e-01	
   2.6183279454022990e-01	
   2.6720096982758623e-01	
   2.7143318965517244e-01	
   2.7687051005747126e-01	
   2.8251257183908046e-01	
   2.8979525862068967e-01	
   2.9901221264367817e-01	
   3.0790229885057468e-01	
   3.1676364942528734e-01	
   3.2661727729885059e-01	
   3.4021282327586205e-01	
   3.5145923132183909e-01	
   3.6103538074712643e-01	
   3.6641163793103448e-01	
   3.6882004310344829e-01	
   3.7118983477011497e-01	
   3.7119163074712641e-01	
   1.9648078304597702e-01	
   2.0533315373563218e-01	
   2.1455998563218390e-01	
   2.2286997126436781e-01	
   2.2796875000000000e-01	
   2.2718390804597702e-01	
   2.2053969109195401e-01	
   2.2234195402298851e-01	
   2.2469378591954023e-01	
   2.2534123563218392e-01	
   2.2412446120689655e-01	
   2.2727909482758621e-01	
   2.3834051724137931e-01	
   2.6208243534482761e-01	
   2.8929777298850573e-01	
   3.1533494971264370e-01	
   3.3158674568965518e-01	
   3.3683459051724141e-01	
   3.3177173132183907e-01	
   3.1936961206896552e-01	
   3.0382543103448278e-01	
   2.9160470545977013e-01	
   2.8184177442528735e-01	
   2.7458512931034484e-01	
   2.6853448275862069e-01	
   2.6315373563218392e-01	
   2.5806842672413793e-01	
   2.5401939655172412e-01	
   2.5046785201149424e-01	
   2.4879489942528735e-01	
   2.4850484913793103e-01	
   2.4934716235632184e-01	
   2.5098868534482760e-01	
   2.5239673132183910e-01	
   2.5465607040229887e-01	
   2.5670258620689657e-01	
   2.6106052442528738e-01	
   2.6316720545977013e-01	
   2.6523886494252874e-01	
   2.7316181752873564e-01	
   2.8249730603448275e-01	
   2.9262751436781609e-01	
   3.0363056752873563e-01	
   3.1676095545977012e-01	
   3.2584770114942530e-01	
   3.3196749281609195e-01	
   3.3501526580459773e-01	
   3.3569953304597699e-01	
   2.1717492816091954e-01	
   2.2664242097701148e-01	
   2.3597162356321838e-01	
   2.4035739942528736e-01	
   2.3736081178160920e-01	
   2.2633890086206895e-01	
   2.1866020114942528e-01	
   2.1851203304597702e-01	
   2.2015535201149425e-01	
   2.1814744971264369e-01	
   2.1529364224137931e-01	
   2.1718929597701150e-01	
   2.2811242816091953e-01	
   2.5531339798850577e-01	
   2.8485542385057472e-01	
   3.1042115660919539e-01	
   3.2716325431034482e-01	
   3.3412086925287354e-01	
   3.2989313936781611e-01	
   3.1697108477011493e-01	
   3.0348599137931037e-01	
   2.9221443965517241e-01	
   2.8280621408045975e-01	
   2.7405980603448277e-01	
   2.6677981321839078e-01	
   2.5996497844827587e-01	
   2.5408764367816095e-01	
   2.4920887212643678e-01	
   2.4500448994252874e-01	
   2.4257183908045976e-01	
   2.4116738505747126e-01	
   2.4089439655172415e-01	
   2.4055046695402299e-01	
   2.3986619971264367e-01	
   2.3926185344827586e-01	
   2.3877244971264369e-01	
   2.4191900143678161e-01	
   2.4298132183908047e-01	
   2.4257453304597701e-01	
   2.4205459770114943e-01	
   2.4498922413793103e-01	
   2.5414331896551723e-01	
   2.6545438218390804e-01	
   2.7471533764367817e-01	
   2.8618803879310345e-01	
   2.9288344109195402e-01	
   2.9785919540229883e-01	
   2.9648617097701152e-01	
   2.3548670977011493e-01	
   2.4456267959770114e-01	
   2.5150233477011497e-01	
   2.4690193965517240e-01	
   2.3556752873563219e-01	
   2.1982758620689655e-01	
   2.1320492097701149e-01	
   2.1310883620689655e-01	
   2.1400592672413793e-01	
   2.1133890086206897e-01	
   2.0586386494252873e-01	
   2.0446928879310344e-01	
   2.1618714080459769e-01	
   2.4720905172413793e-01	
   2.7829112787356319e-01	
   3.0302711925287357e-01	
   3.1999102011494251e-01	
   3.2799568965517240e-01	
   3.2411637931034482e-01	
   3.1499910201149423e-01	
   3.0372485632183910e-01	
   2.9364134339080461e-01	
   2.8386494252873562e-01	
   2.7413164511494253e-01	
   2.6494791666666667e-01	
   2.5700071839080457e-01	
   2.5001795977011493e-01	
   2.4466145833333333e-01	
   2.4000628591954024e-01	
   2.3733746408045978e-01	
   2.3603448275862068e-01	
   2.3538523706896552e-01	
   2.3471443965517241e-01	
   2.3349048132183908e-01	
   2.3154633620689655e-01	
   2.2874012212643677e-01	
   2.2792834051724137e-01	
   2.2629489942528735e-01	
   2.2503322557471264e-01	
   2.2507273706896552e-01	
   2.2432650862068965e-01	
   2.2530441810344828e-01	
   2.3139278017241380e-01	
   2.3900143678160921e-01	
   2.4810434626436781e-01	
   2.5644306752873564e-01	
   2.6391253591954023e-01	
   2.6682201867816091e-01	
   2.5131106321839081e-01	
   2.5896192528735634e-01	
   2.5964349856321839e-01	
   2.4687769396551723e-01	
   2.2744791666666667e-01	
   2.1115122126436781e-01	
   2.0613775143678162e-01	
   2.0789601293103449e-01	
   2.0886404454022989e-01	
   2.0477370689655172e-01	
   1.9796605603448275e-01	
   1.9502693965517243e-01	
   2.0694953304597702e-01	
   2.3874910201149424e-01	
   2.6744432471264368e-01	
   2.9024964080459770e-01	
   3.0849497126436781e-01	
   3.1692708333333336e-01	
   3.1644755747126435e-01	
   3.1152388649425289e-01	
   3.0258620689655175e-01	
   2.9375089798850573e-01	
   2.8411458333333334e-01	
   2.7325431034482761e-01	
   2.6264637212643677e-01	
   2.5372755028735633e-01	
   2.4618265086206897e-01	
   2.4025053879310346e-01	
   2.3572826867816091e-01	
   2.3249102011494252e-01	
   2.3141163793103448e-01	
   2.3042744252873562e-01	
   2.2973329741379311e-01	
   2.2879220545977011e-01	
   2.2662086925287356e-01	
   2.2309177442528735e-01	
   2.1921695402298852e-01	
   2.1534213362068966e-01	
   2.1254130747126437e-01	
   2.1060434626436780e-01	
   2.0992636494252873e-01	
   2.1052622126436782e-01	
   2.1199892241379312e-01	
   2.1503322557471263e-01	
   2.2096084770114943e-01	
   2.2745599856321838e-01	
   2.3374910201149426e-01	
   2.3741738505747126e-01	
   2.6577945402298853e-01	
   2.6981321839080458e-01	
   2.6374551005747127e-01	
   2.4386135057471264e-01	
   2.1755836925287356e-01	
   2.0220096982758620e-01	
   2.0008890086206896e-01	
   2.0402927442528734e-01	
   2.0400682471264367e-01	
   1.9834231321839080e-01	
   1.8952227011494252e-01	
   1.8786637931034483e-01	
   1.9998204022988506e-01	
   2.2792923850574712e-01	
   2.5257632902298849e-01	
   2.7450880028735630e-01	
   2.9361889367816091e-01	
   3.0482668821839082e-01	
   3.0819234913793103e-01	
   3.0621318247126439e-01	
   3.0172683189655175e-01	
   2.9291307471264366e-01	
   2.8298940373563219e-01	
   2.7089080459770115e-01	
   2.5896910919540228e-01	
   2.4921066810344827e-01	
   2.4141522988505748e-01	
   2.3565463362068967e-01	
   2.3123293821839080e-01	
   2.2826239224137931e-01	
   2.2644306752873564e-01	
   2.2570941091954022e-01	
   2.2467492816091955e-01	
   2.2337015086206896e-01	
   2.2114313936781610e-01	
   2.1750448994252874e-01	
   2.1340517241379311e-01	
   2.0857758620689656e-01	
   2.0486709770114941e-01	
   2.0204022988505746e-01	
   2.0006914511494253e-01	
   1.9898257902298849e-01	
   1.9901400862068966e-01	
   2.0014457614942530e-01	
   2.0285380747126436e-01	
   2.0637931034482759e-01	
   2.1379489942528734e-01	
   2.1222790948275863e-01	
   2.7736530172413792e-01	
   2.7832076149425289e-01	
   2.6587104885057472e-01	
   2.3690912356321839e-01	
   2.0748204022988506e-01	
   1.9393408764367817e-01	
   1.9532147988505746e-01	
   2.0063218390804596e-01	
   1.9854166666666667e-01	
   1.9049838362068966e-01	
   1.8049299568965518e-01	
   1.7954292385057471e-01	
   1.9212733477011495e-01	
   2.1505926724137930e-01	
   2.3507094109195403e-01	
   2.5762931034482761e-01	
   2.7856860632183911e-01	
   2.9335937499999998e-01	
   2.9985183189655173e-01	
   3.0183279454022988e-01	
   3.0088900862068968e-01	
   2.9091056034482760e-01	
   2.7961566091954021e-01	
   2.6621228448275863e-01	
   2.5384698275862067e-01	
   2.4395474137931034e-01	
   2.3677262931034482e-01	
   2.3131645114942528e-01	
   2.2706716954022987e-01	
   2.2347521551724137e-01	
   2.2128412356321839e-01	
   2.2037086925287355e-01	
   2.1911907327586208e-01	
   2.1773168103448276e-01	
   2.1492546695402298e-01	
   2.1140624999999999e-01	
   2.0732848419540229e-01	
   2.0346892959770116e-01	
   2.0027119252873563e-01	
   1.9759788074712645e-01	
   1.9537535919540230e-01	
   1.9328484195402298e-01	
   1.9131196120689656e-01	
   1.8889547413793104e-01	
   1.8957704741379311e-01	
   1.9100574712643678e-01	
   1.9516702586206897e-01	
   1.9550017959770116e-01	
   2.8686242816091956e-01	
   2.8368714080459773e-01	
   2.6469198994252874e-01	
   2.2836745689655172e-01	
   1.9821928879310344e-01	
   1.8573724856321838e-01	
   1.9050197557471266e-01	
   1.9631016522988506e-01	
   1.9244432471264367e-01	
   1.8281519396551724e-01	
   1.7102191091954022e-01	
   1.6857040229885056e-01	
   1.7935434626436780e-01	
   1.9901580459770116e-01	
   2.1857668821839080e-01	
   2.4156070402298851e-01	
   2.6473329741379309e-01	
   2.8237607758620692e-01	
   2.9241289511494251e-01	
   2.9825161637931036e-01	
   2.9840427442528733e-01	
   2.8664601293103448e-01	
   2.7363056752873566e-01	
   2.5988505747126439e-01	
   2.4790589080459771e-01	
   2.3887661637931035e-01	
   2.3251257183908047e-01	
   2.2761494252873563e-01	
   2.2285919540229884e-01	
   2.1872306034482758e-01	
   2.1589709051724137e-01	
   2.1389278017241378e-01	
   2.1261404454022989e-01	
   2.1070312499999999e-01	
   2.0761673850574713e-01	
   2.0479256465517243e-01	
   2.0201508620689654e-01	
   1.9954382183908045e-01	
   1.9820851293103448e-01	
   1.9678430316091955e-01	
   1.9495959051724138e-01	
   1.9207704741379311e-01	
   1.8773347701149426e-01	
   1.8375538793103449e-01	
   1.7975484913793102e-01	
   1.7737966954022988e-01	
   1.7854974856321840e-01	
   1.8087733477011494e-01	
   2.9178699712643680e-01	
   2.8471713362068968e-01	
   2.5991738505747125e-01	
   2.2088631465517242e-01	
   1.8940642959770115e-01	
   1.7840966235632183e-01	
   1.8534392959770116e-01	
   1.9075880028735631e-01	
   1.8643049568965517e-01	
   1.7532058189655172e-01	
   1.6165229885057472e-01	
   1.5901939655172415e-01	
   1.6727370689655172e-01	
   1.8512033045977011e-01	
   2.0480603448275861e-01	
   2.2870150862068966e-01	
   2.5375718390804597e-01	
   2.7427352729885057e-01	
   2.8797503591954021e-01	
   2.9495510057471264e-01	
   2.9399964080459773e-01	
   2.8014278017241379e-01	
   2.6628951149425290e-01	
   2.5270384339080459e-01	
   2.4215247844827587e-01	
   2.3466774425287357e-01	
   2.2951778017241378e-01	
   2.2471443965517240e-01	
   2.1949173850574713e-01	
   2.1431214080459771e-01	
   2.1010506465517242e-01	
   2.0683010057471266e-01	
   2.0447018678160919e-01	
   2.0273976293103449e-01	
   2.0064295977011495e-01	
   1.9936153017241379e-01	
   1.9820492097701151e-01	
   1.9777837643678162e-01	
   1.9818247126436780e-01	
   1.9834770114942529e-01	
   1.9743714080459770e-01	
   1.9466684626436781e-01	
   1.8921336206896552e-01	
   1.8220905172413793e-01	
   1.7495061063218389e-01	
   1.6954831178160920e-01	
   1.6728178879310346e-01	
   1.6838002873563218e-01	
   2.9321300287356322e-01	
   2.8313218390804595e-01	
   2.5398527298850576e-01	
   2.1421246408045977e-01	
   1.8289601293103450e-01	
   1.7292385057471266e-01	
   1.8000808189655174e-01	
   1.8478627873563219e-01	
   1.8035111350574712e-01	
   1.6934626436781608e-01	
   1.5571928879310346e-01	
   1.5228627873563219e-01	
   1.5956357758620690e-01	
   1.7574173850574712e-01	
   1.9547952586206896e-01	
   2.1986619971264368e-01	
   2.4650413074712643e-01	
   2.6940642959770117e-01	
   2.8544989224137929e-01	
   2.9151131465517244e-01	
   2.8779454022988504e-01	
   2.7154005028735634e-01	
   2.5765086206896554e-01	
   2.4561781609195402e-01	
   2.3707614942528735e-01	
   2.3214888649425289e-01	
   2.2850933908045978e-01	
   2.2441900143678162e-01	
   2.1830369971264368e-01	
   2.1193247126436782e-01	
   2.0538793103448275e-01	
   1.9993354885057471e-01	
   1.9630387931034482e-01	
   1.9519486350574713e-01	
   1.9528376436781608e-01	
   1.9592223419540231e-01	
   1.9727101293103450e-01	
   1.9871228448275863e-01	
   2.0050017959770114e-01	
   2.0193067528735631e-01	
   2.0137931034482759e-01	
   1.9828484195402299e-01	
   1.9234375000000001e-01	
   1.8434806034482759e-01	
   1.7524784482758621e-01	
   1.6699802442528736e-01	
   1.6170168821839082e-01	
   1.5983477011494254e-01	
   2.9221803160919541e-01	
   2.8020384339080462e-01	
   2.4909303160919541e-01	
   2.0944594109195402e-01	
   1.7904992816091955e-01	
   1.6992636494252875e-01	
   1.7514188218390805e-01	
   1.8025951867816092e-01	
   1.7558997844827587e-01	
   1.6609015804597702e-01	
   1.5307740660919542e-01	
   1.4892869971264369e-01	
   1.5675197557471265e-01	
   1.7191091954022988e-01	
   1.9161997126436781e-01	
   2.1605423850574712e-01	
   2.4434267241379309e-01	
   2.6856142241379310e-01	
   2.8285380747126437e-01	
   2.8667295258620690e-01	
   2.7925915948275865e-01	
   2.6200431034482757e-01	
   2.4850484913793103e-01	
   2.3892151580459769e-01	
   2.3366558908045976e-01	
   2.3159572557471264e-01	
   2.3001616379310344e-01	
   2.2662625718390805e-01	
   2.1961566091954024e-01	
   2.1125987787356321e-01	
   2.0224856321839080e-01	
   1.9370869252873563e-01	
   1.8902747844827586e-01	
   1.8902029454022989e-01	
   1.9182381465517243e-01	
   1.9517780172413793e-01	
   1.9814655172413792e-01	
   2.0089349856321839e-01	
   2.0442977729885056e-01	
   2.0647808908045978e-01	
   2.0607938218390803e-01	
   2.0223419540229884e-01	
   1.9550377155172413e-01	
   1.8645653735632184e-01	
   1.7631196120689654e-01	
   1.6678969109195402e-01	
   1.5941002155172415e-01	
   1.5494432471264369e-01	
   2.8969019396551726e-01	
   2.7660919540229884e-01	
   2.4558997844827588e-01	
   2.0704471982758621e-01	
   1.7857668821839082e-01	
   1.6887661637931034e-01	
   1.7279094827586206e-01	
   1.7723599137931034e-01	
   1.7181303879310345e-01	
   1.6343660201149426e-01	
   1.5243354885057472e-01	
   1.4931842672413792e-01	
   1.5739762931034482e-01	
   1.7147988505747128e-01	
   1.9166576867816093e-01	
   2.1670348419540231e-01	
   2.4580459770114943e-01	
   2.6780441810344829e-01	
   2.8082614942528733e-01	
   2.7987697557471264e-01	
   2.7003322557471265e-01	
   2.5216954022988508e-01	
   2.3983387212643678e-01	
   2.3359644396551724e-01	
   2.3174479166666667e-01	
   2.3223778735632183e-01	
   2.3256824712643678e-01	
   2.2925107758620689e-01	
   2.2155980603448275e-01	
   2.1139278017241378e-01	
   1.9927622126436781e-01	
   1.8857938218390805e-01	
   1.8377244971264367e-01	
   1.8507453304597701e-01	
   1.8941989942528736e-01	
   1.9609644396551723e-01	
   2.0030262212643679e-01	
   2.0391522988505748e-01	
   2.0831357758620689e-01	
   2.1084500718390806e-01	
   2.0994073275862069e-01	
   2.0571659482758620e-01	
   1.9778556034482758e-01	
   1.8787805316091954e-01	
   1.7698096264367816e-01	
   1.6657956178160921e-01	
   1.5798581178160920e-01	
   1.5191002155172414e-01	
   2.8724497126436782e-01	
   2.7365301724137930e-01	
   2.4375718390804599e-01	
   2.0700251436781608e-01	
   1.7988595545977012e-01	
   1.6960308908045976e-01	
   1.7188667385057471e-01	
   1.7516792385057472e-01	
   1.6982399425287356e-01	
   1.6227101293103449e-01	
   1.5336206896551724e-01	
   1.5033045977011494e-01	
   1.5831357758620690e-01	
   1.7418821839080459e-01	
   1.9543911637931036e-01	
   2.2287984913793105e-01	
   2.5037535919540232e-01	
   2.6858926005747125e-01	
   2.7750179597701147e-01	
   2.7254669540229887e-01	
   2.5997036637931037e-01	
   2.4295079022988506e-01	
   2.3463811063218390e-01	
   2.3078214798850574e-01	
   2.3042205459770115e-01	
   2.3320492097701148e-01	
   2.3394665948275861e-01	
   2.3099317528735633e-01	
   2.2268588362068967e-01	
   2.1109285201149425e-01	
   1.9576508620689656e-01	
   1.8478807471264369e-01	
   1.7986440373563217e-01	
   1.8182471264367817e-01	
   1.8842941810344827e-01	
   1.9685704022988507e-01	
   2.0141612787356322e-01	
   2.0531250000000001e-01	
   2.1069953304597702e-01	
   2.1313038793103448e-01	
   2.1217223419540229e-01	
   2.0738056752873563e-01	
   1.9895474137931035e-01	
   1.8840876436781609e-01	
   1.7708243534482759e-01	
   1.6615391522988507e-01	
   1.5704202586206897e-01	
   1.5000089798850574e-01	
   2.8563667385057473e-01	
   2.7249191810344825e-01	
   2.4439924568965518e-01	
   2.0965696839080461e-01	
   1.8284662356321840e-01	
   1.7128142959770115e-01	
   1.7243175287356322e-01	
   1.7361889367816091e-01	
   1.6947557471264368e-01	
   1.6351293103448275e-01	
   1.5615301724137931e-01	
   1.5357668821839079e-01	
   1.6174389367816092e-01	
   1.8054687500000000e-01	
   2.0445761494252873e-01	
   2.3252514367816091e-01	
   2.5543103448275861e-01	
   2.7015804597701149e-01	
   2.7474407327586209e-01	
   2.6687410201149425e-01	
   2.5269306752873566e-01	
   2.3848419540229884e-01	
   2.3043552442528736e-01	
   2.2750987787356322e-01	
   2.2929328304597701e-01	
   2.3246946839080460e-01	
   2.3285111350574714e-01	
   2.2996857040229884e-01	
   2.2292923850574711e-01	
   2.0950161637931033e-01	
   1.9163613505747126e-01	
   1.8054418103448275e-01	
   1.7672323994252873e-01	
   1.8033315373563219e-01	
   1.8817887931034483e-01	
   1.9537086925287356e-01	
   2.0017959770114943e-01	
   2.0487787356321840e-01	
   2.1003591954022988e-01	
   2.1275233477011493e-01	
   2.1167744252873563e-01	
   2.0696479885057470e-01	
   1.9847072557471265e-01	
   1.8792385057471264e-01	
   1.7665140086206896e-01	
   1.6587823275862068e-01	
   1.5630208333333334e-01	
   1.4858836206896553e-01	
   2.8497216235632183e-01	
   2.7261045258620692e-01	
   2.4643947557471266e-01	
   2.1393947557471266e-01	
   1.8746767241379311e-01	
   1.7400862068965517e-01	
   1.7443247126436781e-01	
   1.7461386494252873e-01	
   1.7160560344827586e-01	
   1.6605872844827585e-01	
   1.6200071839080460e-01	
   1.6260775862068966e-01	
   1.7281698994252873e-01	
   1.9279184626436782e-01	
   2.1788074712643679e-01	
   2.4225305316091955e-01	
   2.6220186781609195e-01	
   2.7274694683908046e-01	
   2.7390355603448274e-01	
   2.6560704022988507e-01	
   2.5143408764367814e-01	
   2.4001885775862070e-01	
   2.2685793821839081e-01	
   2.2326778017241380e-01	
   2.2623114224137930e-01	
   2.2890265804597701e-01	
   2.2841594827586206e-01	
   2.2685075431034482e-01	
   2.1903286637931035e-01	
   2.0465337643678161e-01	
   1.8732758620689655e-01	
   1.7653556034482759e-01	
   1.7488415948275862e-01	
   1.7943516522988506e-01	
   1.8661997126436783e-01	
   1.9138020833333333e-01	
   1.9640714798850575e-01	
   2.0170797413793104e-01	
   2.0702945402298850e-01	
   2.1039780890804596e-01	
   2.0965247844827586e-01	
   2.0510775862068967e-01	
   1.9679777298850576e-01	
   1.8633530890804598e-01	
   1.7536907327586207e-01	
   1.6461117097701150e-01	
   1.5517959770114942e-01	
   1.4742367097701151e-01	
   2.8439655172413791e-01	
   2.7345994971264370e-01	
   2.4942438936781608e-01	
   2.1969917385057472e-01	
   1.9422503591954024e-01	
   1.7926724137931035e-01	
   1.7654633620689655e-01	
   1.7775772270114942e-01	
   1.7425466954022989e-01	
   1.7164511494252874e-01	
   1.7107130028735631e-01	
   1.7585308908045977e-01	
   1.8851652298850574e-01	
   2.0850395114942530e-01	
   2.3245330459770114e-01	
   2.5320402298850575e-01	
   2.6970545977011495e-01	
   2.7847431752873564e-01	
   2.7678340517241379e-01	
   2.6661099137931032e-01	
   2.5551364942528737e-01	
   2.4151490660919539e-01	
   2.2075431034482759e-01	
   2.1351203304597702e-01	
   2.1539331896551725e-01	
   2.1831806752873564e-01	
   2.2003412356321839e-01	
   2.1920168821839081e-01	
   2.1081267959770114e-01	
   1.9708961925287358e-01	
   1.8254130747126437e-01	
   1.7344647988505746e-01	
   1.7351382902298851e-01	
   1.7805944683908045e-01	
   1.8297503591954023e-01	
   1.8624191810344828e-01	
   1.9111799568965518e-01	
   1.9690373563218391e-01	
   2.0265176005747126e-01	
   2.0673670977011493e-01	
   2.0610901580459770e-01	
   2.0140086206896551e-01	
   1.9375448994252872e-01	
   1.8370869252873565e-01	
   1.7286009339080460e-01	
   1.6261135057471265e-01	
   1.5367546695402298e-01	
   1.4603089080459769e-01	
   2.8419809626436782e-01	
   2.7439655172413790e-01	
   2.5275413074712644e-01	
   2.2525053879310344e-01	
   2.0135326867816092e-01	
   1.8624640804597700e-01	
   1.8062051005747126e-01	
   1.8189655172413793e-01	
   1.8038074712643679e-01	
   1.8081806752873564e-01	
   1.8380387931034484e-01	
   1.9146102729885056e-01	
   2.0570132902298852e-01	
   2.2852191091954022e-01	
   2.5114313936781607e-01	
   2.6890535201149424e-01	
   2.8214260057471263e-01	
   2.8777388649425290e-01	
   2.8284752155172416e-01	
   2.7080639367816089e-01	
   2.5855962643678160e-01	
   2.3513469827586206e-01	
   2.1097341954022988e-01	
   2.0128951149425287e-01	
   2.0158943965517243e-01	
   2.0533854166666668e-01	
   2.0880387931034483e-01	
   2.0846623563218392e-01	
   2.0130118534482758e-01	
   1.8855783045977012e-01	
   1.7595905172413792e-01	
   1.6993983477011496e-01	
   1.7148078304597700e-01	
   1.7451778017241379e-01	
   1.7777658045977013e-01	
   1.8055765086206896e-01	
   1.8507543103448276e-01	
   1.9075610632183909e-01	
   1.9698006465517243e-01	
   2.0155980603448276e-01	
   2.0162805316091953e-01	
   1.9704471982758620e-01	
   1.8929328304597701e-01	
   1.8028915229885056e-01	
   1.6991558908045978e-01	
   1.6055854885057472e-01	
   1.5193606321839082e-01	
   1.4470815373563217e-01	
   2.8456806752873565e-01	
   2.7608656609195403e-01	
   2.5625359195402297e-01	
   2.3134518678160920e-01	
   2.0904813218390805e-01	
   1.9414242097701148e-01	
   1.8765265804597700e-01	
   1.8798940373563219e-01	
   1.9049030172413794e-01	
   1.9348150143678161e-01	
   2.0098778735632183e-01	
   2.1369432471264369e-01	
   2.2998563218390805e-01	
   2.5164601293103450e-01	
   2.7268857758620690e-01	
   2.8929867097701151e-01	
   3.0049748563218392e-01	
   3.0078933189655171e-01	
   2.9174209770114945e-01	
   2.7885416666666668e-01	
   2.5721892959770115e-01	
   2.2901400862068966e-01	
   2.0449802442528736e-01	
   1.9142780172413792e-01	
   1.8965247844827587e-01	
   1.9375448994252872e-01	
   1.9771461925287356e-01	
   1.9719198994252873e-01	
   1.9156250000000000e-01	
   1.8031698994252873e-01	
   1.6961925287356322e-01	
   1.6651131465517241e-01	
   1.6904543821839080e-01	
   1.7054148706896552e-01	
   1.7236709770114941e-01	
   1.7427711925287356e-01	
   1.7878681752873563e-01	
   1.8399604885057472e-01	
   1.9109105603448276e-01	
   1.9633530890804599e-01	
   1.9662356321839081e-01	
   1.9225664511494253e-01	
   1.8528286637931035e-01	
   1.7636943247126438e-01	
   1.6691181752873563e-01	
   1.5840607040229884e-01	
   1.5033405172413794e-01	
   1.4334680316091955e-01	
   2.8434177442528735e-01	
   2.7717403017241377e-01	
   2.5930765086206897e-01	
   2.3711566091954023e-01	
   2.1659752155172413e-01	
   2.0231411637931035e-01	
   1.9625987787356322e-01	
   1.9772449712643678e-01	
   2.0263469827586206e-01	
   2.1132902298850575e-01	
   2.2267331178160921e-01	
   2.3710129310344827e-01	
   2.5610542385057472e-01	
   2.7858836206896553e-01	
   3.0035021551724139e-01	
   3.1374012212643676e-01	
   3.2037356321839078e-01	
   3.1841145833333334e-01	
   3.0570312500000002e-01	
   2.8603538074712642e-01	
   2.5707076149425290e-01	
   2.2577586206896552e-01	
   2.0123922413793102e-01	
   1.8634428879310344e-01	
   1.8081178160919539e-01	
   1.8410829741379311e-01	
   1.8858117816091954e-01	
   1.8824622844827585e-01	
   1.8266343390804599e-01	
   1.7277837643678162e-01	
   1.6448724856321839e-01	
   1.6358387212643677e-01	
   1.6645563936781610e-01	
   1.6700520833333332e-01	
   1.6751795977011494e-01	
   1.6860362787356323e-01	
   1.7302262931034482e-01	
   1.7837194683908045e-01	
   1.8536548132183908e-01	
   1.9113775143678161e-01	
   1.9142061781609196e-01	
   1.8752963362068967e-01	
   1.8119522270114943e-01	
   1.7292385057471266e-01	
   1.6444324712643679e-01	
   1.5641882183908046e-01	
   1.4897539511494254e-01	
   1.4231770833333332e-01	
   2.8350754310344828e-01	
   2.7695132902298852e-01	
   2.6098868534482761e-01	
   2.4127244971264367e-01	
   2.2248204022988505e-01	
   2.0931034482758620e-01	
   2.0417834051724137e-01	
   2.0757183908045976e-01	
   2.1524694683908047e-01	
   2.2784123563218392e-01	
   2.4287715517241379e-01	
   2.5936063218390804e-01	
   2.8154992816091956e-01	
   3.0709500718390803e-01	
   3.2576418821839082e-01	
   3.3537984913793101e-01	
   3.3816361350574714e-01	
   3.3383351293103447e-01	
   3.1517151580459768e-01	
   2.8633261494252876e-01	
   2.5284841954022991e-01	
   2.2169630028735632e-01	
   1.9766612787356322e-01	
   1.8262661637931035e-01	
   1.7582076149425288e-01	
   1.7694863505747127e-01	
   1.8195492097701149e-01	
   1.8169719827586206e-01	
   1.7609913793103449e-01	
   1.6767331178160919e-01	
   1.6175466954022988e-01	
   1.6161188936781609e-01	
   1.6423042385057471e-01	
   1.6410919540229885e-01	
   1.6402388649425287e-01	
   1.6452316810344828e-01	
   1.6889457614942530e-01	
   1.7405172413793105e-01	
   1.8117636494252873e-01	
   1.8678969109195404e-01	
   1.8720905172413793e-01	
   1.8380657327586206e-01	
   1.7797234195402298e-01	
   1.7051095545977010e-01	
   1.6247395833333333e-01	
   1.5501616379310346e-01	
   1.4827765804597701e-01	
   1.4205280172413792e-01	
   2.8277029454022989e-01	
   2.7573814655172413e-01	
   2.6127783764367818e-01	
   2.4315642959770115e-01	
   2.2616828304597700e-01	
   2.1357938218390804e-01	
   2.0961027298850574e-01	
   2.1416576867816092e-01	
   2.2420707614942528e-01	
   2.3924389367816093e-01	
   2.5690104166666666e-01	
   2.7685344827586206e-01	
   2.9993983477011493e-01	
   3.2695312500000001e-01	
   3.4493893678160920e-01	
   3.5294360632183908e-01	
   3.5271821120689656e-01	
   3.4181034482758621e-01	
   3.1743714080459773e-01	
   2.8469558189655170e-01	
   2.5032866379310342e-01	
   2.1953663793103448e-01	
   1.9516971982758621e-01	
   1.8071390086206895e-01	
   1.7374281609195402e-01	
   1.7353538074712643e-01	
   1.7862248563218391e-01	
   1.7767061781609195e-01	
   1.7241828304597701e-01	
   1.6539062500000001e-01	
   1.6081357758620690e-01	
   1.6079561781609195e-01	
   1.6335488505747126e-01	
   1.6284213362068967e-01	
   1.6222431752873565e-01	
   1.6221623563218390e-01	
   1.6623563218390805e-01	
   1.7105154454022989e-01	
   1.7824982040229886e-01	
   1.8398796695402300e-01	
   1.8485003591954022e-01	
   1.8186871408045976e-01	
   1.7605064655172414e-01	
   1.6928969109195402e-01	
   1.6131914511494252e-01	
   1.5411009339080459e-01	
   1.4770833333333333e-01	
   1.4169899425287355e-01	
   2.8238326149425286e-01	
   2.7475844109195402e-01	
   2.6016253591954025e-01	
   2.4265265804597702e-01	
   2.2570851293103447e-01	
   2.1407776580459770e-01	
   2.1023706896551725e-01	
   2.1528556034482760e-01	
   2.2592043821839081e-01	
   2.4179148706896553e-01	
   2.6015894396551725e-01	
   2.8256914511494252e-01	
   3.0584141522988506e-01	
   3.3101562499999998e-01	
   3.5035739942528737e-01	
   3.6048491379310343e-01	
   3.6063487787356324e-01	
   3.4669091235632182e-01	
   3.2151400862068963e-01	
   2.8766073994252872e-01	
   2.5180944683908046e-01	
   2.1945671695402300e-01	
   1.9449263649425289e-01	
   1.8030082614942528e-01	
   1.7336117097701148e-01	
   1.7289960488505748e-01	
   1.7780441810344827e-01	
   1.7726293103448276e-01	
   1.7226472701149426e-01	
   1.6550736350574713e-01	
   1.6107668821839080e-01	
   1.6116648706896552e-01	
   1.6403735632183908e-01	
   1.6329561781609195e-01	
   1.6184895833333332e-01	
   1.6146821120689656e-01	
   1.6536188936781610e-01	
   1.6983656609195402e-01	
   1.7709949712643677e-01	
   1.8346264367816092e-01	
   1.8420079022988506e-01	
   1.8162715517241379e-01	
   1.7580908764367817e-01	
   1.6866558908045978e-01	
   1.6118175287356321e-01	
   1.5388469827586207e-01	
   1.4742187500000001e-01	
   1.4141612787356322e-01	
   2.8263469827586207e-01	
   2.7411099137931033e-01	
   2.5830998563218388e-01	
   2.4021910919540229e-01	
   2.2252873563218392e-01	
   2.1055046695402299e-01	
   2.0604256465517240e-01	
   2.1037984913793104e-01	
   2.2092313218390805e-01	
   2.3254489942528736e-01	
   2.4906249999999999e-01	
   2.6970815373563217e-01	
   2.9381645114942528e-01	
   3.1711296695402297e-01	
   3.3629489942528734e-01	
   3.4876077586206894e-01	
   3.5268767959770114e-01	
   3.4271821120689655e-01	
   3.1976652298850577e-01	
   2.8761584051724137e-01	
   2.5096443965517240e-01	
   2.1795079022988506e-01	
   1.9360901580459769e-01	
   1.8029633620689656e-01	
   1.7424479166666668e-01	
   1.7479525862068965e-01	
   1.7918732040229884e-01	
   1.7918552442528735e-01	
   1.7492546695402300e-01	
   1.6777388649425287e-01	
   1.6160111350574713e-01	
   1.6235362787356322e-01	
   1.6557022270114943e-01	
   1.6503771551724139e-01	
   1.6290858477011494e-01	
   1.6264547413793104e-01	
   1.6653556034482758e-01	
   1.7088631465517240e-01	
   1.7883171695402300e-01	
   1.8491289511494252e-01	
   1.8631106321839080e-01	
   1.8340427442528737e-01	
   1.7727819683908047e-01	
   1.6978627873563218e-01	
   1.6172234195402299e-01	
   1.5412625718390804e-01	
   1.4732040229885057e-01	
   1.4157327586206897e-01	
   2.8337823275862067e-01	
   2.7386853448275861e-01	
   2.5577047413793103e-01	
   2.3556932471264369e-01	
   2.1679777298850575e-01	
   2.0370959051724138e-01	
   1.9835578304597701e-01	
   2.0079292385057471e-01	
   2.0986170977011495e-01	
   2.1626616379310346e-01	
   2.2961476293103447e-01	
   2.4646461925287355e-01	
   2.6603448275862068e-01	
   2.8933010057471265e-01	
   3.1026939655172414e-01	
   3.2396910919540228e-01	
   3.2997575431034482e-01	
   3.2560075431034485e-01	
   3.0971264367816093e-01	
   2.8317528735632186e-01	
   2.5009428879310347e-01	
   2.1761404454022990e-01	
   1.9405352011494253e-01	
   1.8028286637931035e-01	
   1.7647270114942529e-01	
   1.7870061063218390e-01	
   1.8286188936781608e-01	
   1.8363236350574713e-01	
   1.7958602729885056e-01	
   1.7180316091954023e-01	
   1.6372755028735633e-01	
   1.6456178160919541e-01	
   1.6757273706896553e-01	
   1.6724946120689654e-01	
   1.6499102011494252e-01	
   1.6534572557471264e-01	
   1.6868714080459771e-01	
   1.7327855603448275e-01	
   1.8205549568965518e-01	
   1.8883530890804598e-01	
   1.8979705459770116e-01	
   1.8664331896551725e-01	
   1.8010147270114943e-01	
   1.7171605603448276e-01	
   1.6282686781609196e-01	
   1.5471533764367817e-01	
   1.4767331178160920e-01	
   1.4157147988505747e-01	
   2.8512661637931036e-01	
   2.7344827586206899e-01	
   2.5240032327586209e-01	
   2.2982399425287356e-01	
   2.0929687499999999e-01	
   1.9553250718390805e-01	
   1.9001706178160921e-01	
   1.9147988505747127e-01	
   1.9579741379310345e-01	
   1.9967223419540231e-01	
   2.0734554597701149e-01	
   2.1958512931034482e-01	
   2.3605693247126436e-01	
   2.5706627155172412e-01	
   2.8151400862068965e-01	
   2.9972252155172413e-01	
   3.1001795977011493e-01	
   3.0874281609195403e-01	
   2.9821210488505745e-01	
   2.7997934626436782e-01	
   2.5277658045977014e-01	
   2.2093929597701151e-01	
   1.9664691091954023e-01	
   1.8265624999999999e-01	
   1.8176903735632183e-01	
   1.8524964080459771e-01	
   1.8949353448275863e-01	
   1.9188308189655173e-01	
   1.8711655890804599e-01	
   1.7752693965517241e-01	
   1.6693157327586206e-01	
   1.6706986350574712e-01	
   1.6956088362068966e-01	
   1.7006285919540229e-01	
   1.6801185344827585e-01	
   1.6953843390804599e-01	
   1.7238595545977012e-01	
   1.7726382902298851e-01	
   1.8663972701149426e-01	
   1.9369073275862070e-01	
   1.9439744971264367e-01	
   1.9070941091954022e-01	
   1.8369342672413794e-01	
   1.7446839080459769e-01	
   1.6453933189655173e-01	
   1.5563397988505748e-01	
   1.4831986350574713e-01	
   1.4184536637931033e-01	
   2.8770204741379313e-01	
   2.7358117816091954e-01	
   2.4955100574712644e-01	
   2.2396192528735631e-01	
   2.0104166666666667e-01	
   1.8760775862068965e-01	
   1.8315732758620690e-01	
   1.8370599856321840e-01	
   1.8356411637931033e-01	
   1.8445402298850574e-01	
   1.8908764367816092e-01	
   1.9794809626436782e-01	
   2.1090966235632183e-01	
   2.3066630747126438e-01	
   2.5414062500000001e-01	
   2.7429238505747128e-01	
   2.8982848419540230e-01	
   2.9328304597701149e-01	
   2.8675736350574715e-01	
   2.7599137931034484e-01	
   2.5615122126436779e-01	
   2.2883261494252874e-01	
   2.0488326149425287e-01	
   1.9137033045977012e-01	
   1.9132273706896552e-01	
   1.9543821839080461e-01	
   2.0014457614942530e-01	
   2.0289691091954024e-01	
   1.9680046695402298e-01	
   1.8394845545977012e-01	
   1.7121318247126438e-01	
   1.6894935344827586e-01	
   1.7111350574712644e-01	
   1.7298221982758621e-01	
   1.7221354166666666e-01	
   1.7412446120689656e-01	
   1.7731411637931035e-01	
   1.8268678160919541e-01	
   1.9183818247126436e-01	
   1.9892690373563218e-01	
   1.9943606321839080e-01	
   1.9530531609195403e-01	
   1.8755747126436781e-01	
   1.7694863505747127e-01	
   1.6659931752873564e-01	
   1.5695671695402300e-01	
   1.4901400862068964e-01	
   1.4215966235632183e-01	
   2.9110183189655170e-01	
   2.7433728448275863e-01	
   2.4747755028735632e-01	
   2.1825610632183909e-01	
   1.9409752155172413e-01	
   1.8116109913793105e-01	
   1.7802442528735632e-01	
   1.7712194683908045e-01	
   1.7508979885057471e-01	
   1.7389367816091955e-01	
   1.7541846264367816e-01	
   1.8018139367816091e-01	
   1.9051634339080459e-01	
   2.0920528017241380e-01	
   2.3354705459770114e-01	
   2.5526311063218393e-01	
   2.7279992816091952e-01	
   2.8033315373563217e-01	
   2.7628681752873563e-01	
   2.6875179597701149e-01	
   2.5816630747126434e-01	
   2.3763290229885056e-01	
   2.1516792385057470e-01	
   2.0476203304597701e-01	
   2.0573724856321840e-01	
   2.1057740660919541e-01	
   2.1607848419540229e-01	
   2.1599137931034482e-01	
   2.0758890086206896e-01	
   1.9138739224137932e-01	
   1.7690193965517242e-01	
   1.7022898706896553e-01	
   1.7142331178160919e-01	
   1.7574982040229886e-01	
   1.7684536637931034e-01	
   1.7998922413793103e-01	
   1.8338631465517241e-01	
   1.8862607758620689e-01	
   1.9697198275862068e-01	
   2.0351921695402300e-01	
   2.0398078304597700e-01	
   1.9957076149425287e-01	
   1.9071749281609196e-01	
   1.7936332614942530e-01	
   1.6817708333333334e-01	
   1.5798491379310345e-01	
   1.4981591235632183e-01	
   1.4283225574712644e-01	
   2.9485901580459772e-01	
   2.7553609913793103e-01	
   2.4599856321839081e-01	
   2.1379400143678162e-01	
   1.8776849856321839e-01	
   1.7611889367816091e-01	
   1.7433369252873562e-01	
   1.7266163793103448e-01	
   1.6957525143678162e-01	
   1.6689475574712645e-01	
   1.6518947557471264e-01	
   1.6720276580459770e-01	
   1.7637482040229885e-01	
   1.9355334051724138e-01	
   2.1815373563218390e-01	
   2.4252783764367816e-01	
   2.6101742097701147e-01	
   2.7182920258620691e-01	
   2.7140625000000002e-01	
   2.6247395833333331e-01	
   2.5385686063218393e-01	
   2.3924568965517240e-01	
   2.2227460488505746e-01	
   2.1540229885057471e-01	
   2.1893049568965517e-01	
   2.2655262212643679e-01	
   2.3200790229885057e-01	
   2.2850574712643679e-01	
   2.1686781609195402e-01	
   1.9930226293103448e-01	
   1.8269576149425287e-01	
   1.7171785201149425e-01	
   1.7263918821839080e-01	
   1.7751975574712645e-01	
   1.8147180316091954e-01	
   1.8621138649425287e-01	
   1.8939206178160919e-01	
   1.9472790948275862e-01	
   2.0233746408045977e-01	
   2.0736170977011495e-01	
   2.0724227729885059e-01	
   2.0264098419540230e-01	
   1.9332794540229886e-01	
   1.8158943965517241e-01	
   1.6958512931034483e-01	
   1.5920707614942528e-01	
   1.5067708333333332e-01	
   1.4372126436781610e-01	
   2.9739134339080459e-01	
   2.7723509339080460e-01	
   2.4483387212643679e-01	
   2.0949533045977012e-01	
   1.8358566810344829e-01	
   1.7314565373563218e-01	
   1.7174389367816092e-01	
   1.7060614224137932e-01	
   1.6700610632183907e-01	
   1.6246318247126437e-01	
   1.5798760775862070e-01	
   1.5841954022988505e-01	
   1.6695402298850576e-01	
   1.8254040948275863e-01	
   2.0641702586206898e-01	
   2.3211655890804597e-01	
   2.5357489224137930e-01	
   2.6766792385057470e-01	
   2.7131285919540232e-01	
   2.6296336206896553e-01	
   2.5051544540229886e-01	
   2.3684267241379311e-01	
   2.2485452586206897e-01	
   2.2060704022988506e-01	
   2.2617187499999999e-01	
   2.3715158045977011e-01	
   2.4177173132183907e-01	
   2.3653286637931034e-01	
   2.2289152298850576e-01	
   2.0555316091954023e-01	
   1.8700431034482759e-01	
   1.7377693965517241e-01	
   1.7318875718390805e-01	
   1.7885865660919539e-01	
   1.8479166666666666e-01	
   1.9093480603448276e-01	
   1.9478627873563217e-01	
   2.0008620689655171e-01	
   2.0648347701149425e-01	
   2.1003053160919541e-01	
   2.0935704022988505e-01	
   2.0405711206896551e-01	
   1.9464260057471264e-01	
   1.8259967672413793e-01	
   1.7081537356321838e-01	
   1.6030531609195403e-01	
   1.5185434626436781e-01	
   1.4454831178160921e-01	
   2.9950790229885055e-01	
   2.7855962643678162e-01	
   2.4428609913793103e-01	
   2.0691002155172414e-01	
   1.8119791666666665e-01	
   1.7210308908045976e-01	
   1.7211835488505747e-01	
   1.7084141522988505e-01	
   1.6722701149425287e-01	
   1.6085757902298850e-01	
   1.5397898706896551e-01	
   1.5371228448275862e-01	
   1.6084231321839079e-01	
   1.7496048850574714e-01	
   1.9785650143678160e-01	
   2.2373024425287355e-01	
   2.4798132183908045e-01	
   2.6594198994252871e-01	
   2.7300736350574711e-01	
   2.6691271551724138e-01	
   2.5446928879310343e-01	
   2.3948455459770115e-01	
   2.2744881465517242e-01	
   2.2311242816091953e-01	
   2.2886673850574712e-01	
   2.3758081896551725e-01	
   2.4182381465517241e-01	
   2.3800197557471264e-01	
   2.2502334770114943e-01	
   2.0765624999999999e-01	
   1.8955818965517240e-01	
   1.7581537356321839e-01	
   1.7240301724137930e-01	
   1.7892600574712644e-01	
   1.8694773706896553e-01	
   1.9372395833333333e-01	
   1.9818606321839080e-01	
   2.0309806034482758e-01	
   2.0807561063218391e-01	
   2.1095366379310346e-01	
   2.0937589798850575e-01	
   2.0365930316091954e-01	
   1.9411458333333334e-01	
   1.8249102011494253e-01	
   1.7127604166666666e-01	
   1.6092582614942530e-01	
   1.5282956178160920e-01	
   1.4543193247126437e-01	
   3.0066900143678160e-01	
   2.7979346264367816e-01	
   2.4398886494252875e-01	
   2.0588900862068965e-01	
   1.8120869252873564e-01	
   1.7368714080459771e-01	
   1.7434806034482758e-01	
   1.7358297413793103e-01	
   1.6888918821839080e-01	
   1.6092223419540230e-01	
   1.5147180316091954e-01	
   1.5096623563218392e-01	
   1.5819863505747125e-01	
   1.7117456896551725e-01	
   1.9189834770114941e-01	
   2.1803699712643679e-01	
   2.4314565373563218e-01	
   2.6474586925287358e-01	
   2.7739134339080462e-01	
   2.7486889367816092e-01	
   2.6231681034482757e-01	
   2.4617816091954023e-01	
   2.3315912356321838e-01	
   2.2660470545977013e-01	
   2.2772270114942528e-01	
   2.3316271551724138e-01	
   2.3662176724137932e-01	
   2.3396910919540229e-01	
   2.2258261494252873e-01	
   2.0714349856321840e-01	
   1.9111260775862068e-01	
   1.7867187500000001e-01	
   1.7388829022988506e-01	
   1.7925915948275861e-01	
   1.8763649425287357e-01	
   1.9367007902298849e-01	
   1.9886494252873563e-01	
   2.0310524425287357e-01	
   2.0716415229885057e-01	
   2.0894037356321840e-01	
   2.0736350574712645e-01	
   2.0155801005747126e-01	
   1.9269576149425288e-01	
   1.8155441810344827e-01	
   1.7058369252873562e-01	
   1.6123832614942529e-01	
   1.5303879310344828e-01	
   1.4598778735632184e-01	
   3.0013918821839081e-01	
   2.8147629310344829e-01	
   2.4510506465517240e-01	
   2.0659572557471265e-01	
   1.8279005028735631e-01	
   1.7653735632183909e-01	
   1.7893139367816091e-01	
   1.7810434626436783e-01	
   1.7202047413793103e-01	
   1.6240930316091953e-01	
   1.5182561063218392e-01	
   1.4927262931034482e-01	
   1.5710668103448275e-01	
   1.7137751436781609e-01	
   1.9049299568965516e-01	
   2.1460757902298849e-01	
   2.3990750718390805e-01	
   2.6419181034482758e-01	
   2.8048132183908048e-01	
   2.8375179597701150e-01	
   2.7349407327586206e-01	
   2.5591505028735634e-01	
   2.4114313936781609e-01	
   2.3118354885057471e-01	
   2.2719647988505748e-01	
   2.2803520114942530e-01	
   2.2974497126436783e-01	
   2.2738146551724137e-01	
   2.1868983477011494e-01	
   2.0610542385057470e-01	
   1.9278915229885057e-01	
   1.8319414511494253e-01	
   1.7858477011494253e-01	
   1.8168283045977013e-01	
   1.8819863505747125e-01	
   1.9259788074712644e-01	
   1.9651221264367816e-01	
   2.0027388649425287e-01	
   2.0368354885057471e-01	
   2.0474317528735633e-01	
   2.0317259339080460e-01	
   1.9812500000000000e-01	
   1.8976921695402299e-01	
   1.7974676724137931e-01	
   1.6964619252873564e-01	
   1.6075161637931035e-01	
   1.5323365660919541e-01	
   1.4686332614942529e-01	
   2.9733566810344830e-01	
   2.8302622126436783e-01	
   2.4829202586206897e-01	
   2.0930226293103449e-01	
   1.8646102729885058e-01	
   1.8196120689655174e-01	
   1.8521012931034483e-01	
   1.8414960488505747e-01	
   1.7813308189655172e-01	
   1.6623742816091955e-01	
   1.5576149425287356e-01	
   1.5194414511494253e-01	
   1.5965696839080459e-01	
   1.7415589080459770e-01	
   1.9339888649425288e-01	
   2.1608566810344829e-01	
   2.4073186063218391e-01	
   2.6593929597701149e-01	
   2.8403645833333335e-01	
   2.9081627155172413e-01	
   2.8403286637931036e-01	
   2.6670438218390807e-01	
   2.5048760775862067e-01	
   2.3765714798850573e-01	
   2.2918642241379311e-01	
   2.2561332614942528e-01	
   2.2434357040229885e-01	
   2.2173850574712645e-01	
   2.1499191810344828e-01	
   2.0588631465517240e-01	
   1.9573186063218390e-01	
   1.8909572557471263e-01	
   1.8562500000000001e-01	
   1.8621318247126437e-01	
   1.8933908045977010e-01	
   1.9178969109195401e-01	
   1.9430944683908047e-01	
   1.9656250000000000e-01	
   1.9872755028735631e-01	
   1.9904454022988505e-01	
   1.9773617097701149e-01	
   1.9313128591954024e-01	
   1.8616918103448277e-01	
   1.7736619971264367e-01	
   1.6836925287356322e-01	
   1.6036817528735633e-01	
   1.5368354885057472e-01	
   1.4819055316091953e-01	
   2.9157956178160921e-01	
   2.8240840517241378e-01	
   2.5140714798850577e-01	
   2.1405531609195402e-01	
   1.9249461206896551e-01	
   1.8972701149425286e-01	
   1.9207614942528736e-01	
   1.9008441091954023e-01	
   1.8478807471264369e-01	
   1.7257722701149425e-01	
   1.6308279454022989e-01	
   1.5798581178160920e-01	
   1.6655711206896551e-01	
   1.7909303160919540e-01	
   1.9932201867816091e-01	
   2.2264816810344829e-01	
   2.4632543103448276e-01	
   2.7047593390804597e-01	
   2.8988056752873564e-01	
   2.9619881465517239e-01	
   2.9277658045977012e-01	
   2.7673311781609194e-01	
   2.5937230603448275e-01	
   2.4429597701149425e-01	
   2.3325520833333332e-01	
   2.2588541666666667e-01	
   2.2163433908045976e-01	
   2.1796246408045977e-01	
   2.1295977011494252e-01	
   2.0647000718390804e-01	
   1.9977999281609196e-01	
   1.9524604885057470e-01	
   1.9325341235632185e-01	
   1.9270025143678160e-01	
   1.9278645833333333e-01	
   1.9227999281609195e-01	
   1.9242007902298849e-01	
   1.9303969109195401e-01	
   1.9387571839080459e-01	
   1.9382363505747127e-01	
   1.9199173850574713e-01	
   1.8806034482758621e-01	
   1.8220545977011493e-01	
   1.7499281609195402e-01	
   1.6710039511494254e-01	
   1.6039331896551723e-01	
   1.5439206178160919e-01	
   1.4958692528735631e-01	
   2.8329202586206897e-01	
   2.7870061063218393e-01	
   2.5471803160919543e-01	
   2.2016882183908046e-01	
   1.9887212643678162e-01	
   1.9698455459770114e-01	
   1.9827945402298849e-01	
   1.9619252873563217e-01	
   1.9113595545977011e-01	
   1.7973868534482759e-01	
   1.7006824712643678e-01	
   1.6434357040229886e-01	
   1.7323455459770115e-01	
   1.8608028017241379e-01	
   2.0737248563218391e-01	
   2.3242277298850575e-01	
   2.5568785919540232e-01	
   2.7766792385057470e-01	
   2.9638110632183906e-01	
   3.0143678160919540e-01	
   2.9928340517241381e-01	
   2.8414960488505747e-01	
   2.6687948994252875e-01	
   2.5099676724137931e-01	
   2.3830549568965517e-01	
   2.2887122844827587e-01	
   2.2179058908045976e-01	
   2.1658225574712645e-01	
   2.1222701149425288e-01	
   2.0782417385057472e-01	
   2.0391971982758619e-01	
   2.0149425287356321e-01	
   2.0031519396551725e-01	
   1.9938667385057471e-01	
   1.9736081178160919e-01	
   1.9467672413793102e-01	
   1.9296426005747128e-01	
   1.9141702586206896e-01	
   1.9096443965517240e-01	
   1.8987158764367817e-01	
   1.8764367816091954e-01	
   1.8409482758620691e-01	
   1.7902209051724138e-01	
   1.7304418103448277e-01	
   1.6659123563218392e-01	
   1.6118175287356321e-01	
   1.5570222701149425e-01	
   1.5175197557471265e-01	
   2.7308728448275860e-01	
   2.7227999281609194e-01	
   2.5708423132183911e-01	
   2.2721982758620690e-01	
   2.0585039511494252e-01	
   2.0311422413793104e-01	
   2.0377783764367816e-01	
   2.0197916666666665e-01	
   1.9744073275862070e-01	
   1.8681034482758621e-01	
   1.7651849856321838e-01	
   1.7156429597701151e-01	
   1.8058099856321838e-01	
   1.9450969827586206e-01	
   2.1702496408045976e-01	
   2.4484285201149425e-01	
   2.6855962643678161e-01	
   2.8849676724137929e-01	
   3.0322288074712644e-01	
   3.0716145833333336e-01	
   3.0384518678160921e-01	
   2.8819773706896551e-01	
   2.7171605603448273e-01	
   2.5566271551724140e-01	
   2.4216684626436782e-01	
   2.3218031609195403e-01	
   2.2385596264367816e-01	
   2.1810614224137931e-01	
   2.1333692528735632e-01	
   2.1016343390804598e-01	
   2.0768947557471265e-01	
   2.0639278017241380e-01	
   2.0588721264367815e-01	
   2.0444234913793102e-01	
   2.0152658045977012e-01	
   1.9750179597701151e-01	
   1.9398976293103448e-01	
   1.9125179597701150e-01	
   1.8954561781609194e-01	
   1.8758800287356323e-01	
   1.8502604166666667e-01	
   1.8149335488505747e-01	
   1.7716864224137932e-01	
   1.7262392241379310e-01	
   1.6769396551724139e-01	
   1.6273976293103448e-01	
   1.5888739224137932e-01	
   1.5629759339080460e-01	
   2.6286458333333335e-01	
   2.6420168821839080e-01	
   2.5576508620689653e-01	
   2.3421785201149425e-01	
   2.1328035201149426e-01	
   2.0916936063218391e-01	
   2.0788882902298850e-01	
   2.0643229166666666e-01	
   2.0251346982758620e-01	
   1.9377873563218390e-01	
   1.8258620689655172e-01	
   1.7795528017241380e-01	
   1.8763739224137932e-01	
   2.0504938936781608e-01	
   2.2875359195402298e-01	
   2.5801903735632181e-01	
   2.8356591235632184e-01	
   3.0177711925287354e-01	
   3.1088990660919541e-01	
   3.1200161637931034e-01	
   3.0621946839080461e-01	
   2.9068157327586208e-01	
   2.7480064655172415e-01	
   2.5887392241379309e-01	
   2.4563667385057472e-01	
   2.3553340517241381e-01	
   2.2700610632183907e-01	
   2.2037446120689655e-01	
   2.1595456178160918e-01	
   2.1299479166666666e-01	
   2.1128053160919541e-01	
   2.1024964080459771e-01	
   2.0942798132183907e-01	
   2.0751616379310345e-01	
   2.0465427442528736e-01	
   2.0041487068965516e-01	
   1.9622036637931034e-01	
   1.9233207614942530e-01	
   1.8930046695402300e-01	
   1.8661548132183908e-01	
   1.8368085488505748e-01	
   1.8074173850574712e-01	
   1.7855872844827586e-01	
   1.7649604885057471e-01	
   1.7374281609195402e-01	
   1.6966684626436782e-01	
   1.6693336925287355e-01	
   1.6571390086206897e-01	
   2.5245959051724137e-01	
   2.5582345545977009e-01	
   2.5219468390804600e-01	
   2.3760326867816092e-01	
   2.2085578304597700e-01	
   2.1551634339080461e-01	
   2.1150951867816092e-01	
   2.0964349856321840e-01	
   2.0617726293103447e-01	
   2.0018049568965518e-01	
   1.8954382183908047e-01	
   1.8496497844827586e-01	
   1.9451778017241381e-01	
   2.1681932471264367e-01	
   2.4225215517241380e-01	
   2.7107938218390804e-01	
   2.9632004310344828e-01	
   3.1316810344827584e-01	
   3.1720905172413794e-01	
   3.1454651580459769e-01	
   3.0586835488505748e-01	
   2.9026041666666669e-01	
   2.7586745689655173e-01	
   2.6121138649425285e-01	
   2.4859913793103447e-01	
   2.3852640086206897e-01	
   2.3014457614942530e-01	
   2.2386045258620690e-01	
   2.1938487787356323e-01	
   2.1650592672413793e-01	
   2.1454920977011493e-01	
   2.1349946120689656e-01	
   2.1188757183908047e-01	
   2.0993534482758622e-01	
   2.0701867816091954e-01	
   2.0287895114942528e-01	
   1.9843031609195402e-01	
   1.9412086925287356e-01	
   1.9050466954022988e-01	
   1.8781339798850574e-01	
   1.8638559626436782e-01	
   1.8692887931034483e-01	
   1.8706986350574711e-01	
   1.8708243534482757e-01	
   1.8548132183908045e-01	
   1.7962553879310345e-01	
   1.7761673850574713e-01	
   1.8017600574712644e-01	
   2.4217582614942529e-01	
   2.4626257183908046e-01	
   2.4661009339080459e-01	
   2.3759967672413793e-01	
   2.2521461925287356e-01	
   2.1954920977011494e-01	
   2.1372485632183907e-01	
   2.1154274425287356e-01	
   2.0909572557471265e-01	
   2.0458782327586206e-01	
   1.9627693965517240e-01	
   1.9269755747126438e-01	
   2.0151400862068966e-01	
   2.2679687500000001e-01	
   2.5416666666666665e-01	
   2.8267780172413792e-01	
   3.0646821120689655e-01	
   3.2079292385057473e-01	
   3.2164331896551723e-01	
   3.1502514367816092e-01	
   3.0394845545977012e-01	
   2.8862787356321840e-01	
   2.7557740660919539e-01	
   2.6249910201149423e-01	
   2.5103358477011495e-01	
   2.4105064655172415e-01	
   2.3319234913793102e-01	
   2.2707076149425287e-01	
   2.2275951867816091e-01	
   2.2004669540229885e-01	
   2.1815104166666666e-01	
   2.1661368534482758e-01	
   2.1460757902298849e-01	
   2.1214888649425287e-01	
   2.0936242816091954e-01	
   2.0565463362068964e-01	
   2.0144665948275861e-01	
   1.9771282327586207e-01	
   1.9548132183908046e-01	
   1.9568965517241380e-01	
   2.0011224856321838e-01	
   2.0351742097701150e-01	
   2.0361979166666666e-01	
   2.0442169540229885e-01	
   2.0495061063218392e-01	
   2.0298940373563218e-01	
   2.0163613505747127e-01	
   2.0317259339080460e-01	
   2.3026939655172413e-01	
   2.3545617816091954e-01	
   2.3782596982758622e-01	
   2.3482219827586207e-01	
   2.2667205459770115e-01	
   2.1966505028735633e-01	
   2.1540499281609196e-01	
   2.1294540229885056e-01	
   2.1097880747126438e-01	
   2.0787984913793103e-01	
   2.0223868534482758e-01	
   2.0220276580459770e-01	
   2.1250359195402299e-01	
   2.3390984195402298e-01	
   2.6326598419540231e-01	
   2.9348688936781608e-01	
   3.1370779454022990e-01	
   3.2406429597701147e-01	
   3.2261224856321841e-01	
   3.1421156609195400e-01	
   3.0041397270114945e-01	
   2.8694324712643676e-01	
   2.7424479166666665e-01	
   2.6278735632183908e-01	
   2.5211386494252874e-01	
   2.4336386494252873e-01	
   2.3588451867816093e-01	
   2.3020743534482760e-01	
   2.2630747126436782e-01	
   2.2391792385057471e-01	
   2.2196839080459771e-01	
   2.2038074712643679e-01	
   2.1846892959770114e-01	
   2.1595725574712643e-01	
   2.1286727729885058e-01	
   2.1019845545977012e-01	
   2.0879310344827587e-01	
   2.0823275862068966e-01	
   2.0985991379310345e-01	
   2.1768588362068966e-01	
   2.2543732040229886e-01	
   2.3086296695402300e-01	
   2.3135865660919541e-01	
   2.3730962643678161e-01	
   2.4407417385057470e-01	
   2.4463092672413794e-01	
   2.4149425287356321e-01	
   2.3966235632183908e-01	
   2.1680405890804597e-01	
   2.2221443965517240e-01	
   2.2624730603448276e-01	
   2.2682650862068965e-01	
   2.2327406609195402e-01	
   2.1935973419540231e-01	
   2.1618624281609194e-01	
   2.1473329741379310e-01	
   2.1413164511494254e-01	
   2.1223329741379310e-01	
   2.0782596982758619e-01	
   2.1046964798850576e-01	
   2.2205369971264369e-01	
   2.4072737068965516e-01	
   2.6942618534482760e-01	
   2.9926364942528738e-01	
   3.1656070402298853e-01	
   3.2431124281609197e-01	
   3.2008081896551727e-01	
   3.1137392241379308e-01	
   2.9747306034482757e-01	
   2.8425017959770116e-01	
   2.7223688936781609e-01	
   2.6168013649425287e-01	
   2.5226742097701149e-01	
   2.4464170258620691e-01	
   2.3860362787356321e-01	
   2.3410290948275861e-01	
   2.3077676005747128e-01	
   2.2886314655172413e-01	
   2.2766971982758621e-01	
   2.2618265086206896e-01	
   2.2432920258620689e-01	
   2.2345096982758619e-01	
   2.2248832614942529e-01	
   2.2385147270114941e-01	
   2.2643588362068964e-01	
   2.3349946120689655e-01	
   2.4351023706896552e-01	
   2.5147359913793105e-01	
   2.6021192528735632e-01	
   2.7227191091954023e-01	
   2.7891163793103446e-01	
   2.8752334770114940e-01	
   2.9170887212643676e-01	
   2.8828035201149427e-01	
   2.8163254310344826e-01	
   2.7607399425287354e-01	
   2.0272539511494253e-01	
   2.0683818247126437e-01	
   2.1243983477011494e-01	
   2.1549299568965516e-01	
   2.1465158045977012e-01	
   2.1460398706896552e-01	
   2.1414780890804597e-01	
   2.1430046695402299e-01	
   2.1594737787356322e-01	
   2.1661817528735633e-01	
   2.1505028735632184e-01	
   2.1877604166666667e-01	
   2.3019576149425289e-01	
   2.4778556034482760e-01	
   2.7136763649425288e-01	
   2.9730064655172411e-01	
   3.1230244252873562e-01	
   3.1913703304597701e-01	
   3.1585219109195400e-01	
   3.0692438936781608e-01	
   2.9439475574712642e-01	
   2.8185165229885056e-01	
   2.7019127155172412e-01	
   2.6061242816091956e-01	
   2.5260596264367818e-01	
   2.4588990660919541e-01	
   2.4117816091954022e-01	
   2.3852550287356322e-01	
   2.3630567528735633e-01	
   2.3524694683908046e-01	
   2.3463990660919540e-01	
   2.3391971982758622e-01	
   2.3465158045977011e-01	
   2.3764637212643677e-01	
   2.4249102011494253e-01	
   2.5038972701149426e-01	
   2.6092582614942528e-01	
   2.7089260057471265e-01	
   2.7973239942528738e-01	
   2.9238056752873565e-01	
   3.0583063936781607e-01	
   3.1749191810344829e-01	
   3.2630926724137932e-01	
   3.2888559626436781e-01	
   3.2797323994252875e-01	
   3.2181752873563219e-01	
   3.1506465517241378e-01	
   3.0717852011494251e-01	
   1.9028196839080461e-01	
   1.9306393678160919e-01	
   1.9683459051724139e-01	
   2.0072467672413793e-01	
   2.0338362068965518e-01	
   2.0512571839080460e-01	
   2.0712104885057472e-01	
   2.1071390086206895e-01	
   2.1324892241379309e-01	
   2.1532417385057470e-01	
   2.1740122126436781e-01	
   2.2341954022988506e-01	
   2.3473060344827587e-01	
   2.5010416666666668e-01	
   2.6768947557471262e-01	
   2.8959770114942529e-01	
   3.0250897988505748e-01	
   3.0788613505747126e-01	
   3.0664870689655171e-01	
   2.9986260775862067e-01	
   2.8913433908045977e-01	
   2.7809626436781609e-01	
   2.6833333333333331e-01	
   2.5988685344827589e-01	
   2.5338631465517242e-01	
   2.4839439655172413e-01	
   2.4490481321839080e-01	
   2.4351921695402298e-01	
   2.4260506465517243e-01	
   2.4309536637931034e-01	
   2.4503681752873563e-01	
   2.4904992816091953e-01	
   2.5623383620689655e-01	
   2.6553071120689653e-01	
   2.7567887931034485e-01	
   2.8880747126436784e-01	
   3.0010147270114945e-01	
   3.1112248563218392e-01	
   3.2390984195402300e-01	
   3.3744342672413791e-01	
   3.5276849856321840e-01	
   3.6703394396551725e-01	
   3.7329202586206894e-01	
   3.7028645833333335e-01	
   3.6662895114942529e-01	
   3.6073096264367815e-01	
   3.5185524425287357e-01	
   3.3997485632183910e-01	
   1.8027478448275863e-01	
   1.8011673850574714e-01	
   1.8229525862068965e-01	
   1.8596803160919539e-01	
   1.8950341235632184e-01	
   1.9285290948275863e-01	
   1.9744971264367817e-01	
   2.0421875000000000e-01	
   2.0431124281609195e-01	
   2.0753951149425287e-01	
   2.1138110632183907e-01	
   2.1912625718390805e-01	
   2.2928340517241380e-01	
   2.4442887931034482e-01	
   2.6004400143678164e-01	
   2.7705190373563221e-01	
   2.8861709770114941e-01	
   2.9419450431034483e-01	
   2.9287895114942530e-01	
   2.8795707614942528e-01	
   2.8140176005747125e-01	
   2.7322826867816091e-01	
   2.6575700431034482e-01	
   2.5971892959770115e-01	
   2.5501975574712643e-01	
   2.5272449712643680e-01	
   2.5210308908045975e-01	
   2.5301813936781609e-01	
   2.5573455459770117e-01	
   2.6135865660919538e-01	
   2.6903915229885056e-01	
   2.7976742097701152e-01	
   2.9231950431034481e-01	
   3.0770474137931036e-01	
   3.1862607758620692e-01	
   3.3085219109195402e-01	
   3.4244073275862069e-01	
   3.5602909482758621e-01	
   3.7151311063218390e-01	
   3.8683099856321840e-01	
   3.9718750000000003e-01	
   4.0283854166666666e-01	
   4.0586027298850574e-01	
   4.0107309626436782e-01	
   3.9541307471264370e-01	
   3.8857399425287359e-01	
   3.7867187499999999e-01	
   3.6819504310344825e-01	
   1.7505118534482758e-01	
   1.7190104166666667e-01	
   1.7223599137931034e-01	
   1.7387033045977013e-01	
   1.7645743534482758e-01	
   1.8023796695402300e-01	
   1.8494701867816091e-01	
   1.9300197557471263e-01	
   1.9359105603448276e-01	
   1.9684536637931035e-01	
   2.0080908764367816e-01	
   2.0894935344827587e-01	
   2.1920617816091953e-01	
   2.3303250718390806e-01	
   2.4738236350574713e-01	
   2.6030262212643679e-01	
   2.6970096982758623e-01	
   2.7500448994252874e-01	
   2.7606321839080461e-01	
   2.7491738505747126e-01	
   2.7130747126436783e-01	
   2.6715786637931033e-01	
   2.6442438936781609e-01	
   2.6174838362068964e-01	
   2.6076598419540231e-01	
   2.6062320402298850e-01	
   2.6309895833333335e-01	
   2.6892061781609194e-01	
   2.7354346264367818e-01	
   2.8429956896551722e-01	
   2.9841415229885060e-01	
   3.1572018678160918e-01	
   3.3317349137931035e-01	
   3.4933459051724136e-01	
   3.6193516522988506e-01	
   3.7678340517241377e-01	
   3.9131285919540232e-01	
   4.0530711206896552e-01	
   4.1461476293103450e-01	
   4.2070581896551723e-01	
   4.2602909482758622e-01	
   4.2901670258620689e-01	
   4.2929687500000002e-01	
   4.2710488505747124e-01	
   4.2009877873563217e-01	
   4.1350754310344828e-01	
   4.0668283045977011e-01	
   3.9714529454022990e-01	
   1.8282237787356323e-01	
   1.7513739224137931e-01	
   1.6901041666666666e-01	
   1.6762931034482759e-01	
   1.6879759339080461e-01	
   1.7136404454022988e-01	
   1.7577047413793104e-01	
   1.8212643678160920e-01	
   1.8466954022988505e-01	
   1.8840247844827587e-01	
   1.9342582614942530e-01	
   1.9939655172413792e-01	
   2.0838092672413794e-01	
   2.1815373563218390e-01	
   2.2906429597701150e-01	
   2.3768408764367815e-01	
   2.4637841235632185e-01	
   2.5273347701149423e-01	
   2.5562051005747127e-01	
   2.5796515804597703e-01	
   2.5885865660919538e-01	
   2.5998473419540230e-01	
   2.6017241379310346e-01	
   2.6068516522988505e-01	
   2.6383620689655174e-01	
   2.6798760775862068e-01	
   2.7436781609195404e-01	
   2.8193067528735632e-01	
   2.9196569683908047e-01	
   3.1124730603448275e-01	
   3.3468750000000003e-01	
   3.5249281609195404e-01	
   3.7237697557471267e-01	
   3.9141073994252873e-01	
   4.0828573994252876e-01	
   4.2084231321839083e-01	
   4.2885506465517242e-01	
   4.3458782327586210e-01	
   4.4101742097701152e-01	
   4.4578573994252874e-01	
   4.4852640086206896e-01	
   4.5231501436781607e-01	
   4.5344468390804599e-01	
   4.5075431034482760e-01	
   4.4306034482758622e-01	
   4.3763918821839082e-01	
   4.3363864942528735e-01	
   4.2600215517241380e-01	
